__time,/pred_cup_pose/header/header/seq,/pred_cup_pose/header/header/stamp,/pred_cup_pose/pose/orientation/w,/pred_cup_pose/pose/orientation/x,/pred_cup_pose/pose/orientation/y,/pred_cup_pose/pose/orientation/z,/pred_cup_pose/pose/position/x,/pred_cup_pose/pose/position/y,/pred_cup_pose/pose/position/z,/vrpn_mocap/cup/pose/header/header/seq,/vrpn_mocap/cup/pose/header/header/stamp,/vrpn_mocap/cup/pose/pose/orientation/pitch,/vrpn_mocap/cup/pose/pose/orientation/roll,/vrpn_mocap/cup/pose/pose/orientation/w,/vrpn_mocap/cup/pose/pose/orientation/x,/vrpn_mocap/cup/pose/pose/orientation/y,/vrpn_mocap/cup/pose/pose/orientation/yaw,/vrpn_mocap/cup/pose/pose/orientation/z,/vrpn_mocap/cup/pose/pose/position/x,/vrpn_mocap/cup/pose/pose/position/y,/vrpn_mocap/cup/pose/pose/position/z
1706626594.661270,,,,,,,,,,0.000000000,1703862878.483706236,-0.191265115,0.024980791,-0.993935049,-0.007204286,0.096015595,-0.109191674,0.053124279,2.654595852,0.700804174,0.845718563
1706626594.663927,,,,,,,,,,0.000000000,1703862878.483772516,-0.191418292,0.026400170,-0.993906140,-0.007875863,0.096131817,-0.109806461,0.053360246,2.654585838,0.700818419,0.845723510
1706626594.670805,,,,,,,,,,0.000000000,1703862878.493771315,-0.190611565,0.025479440,-0.993935049,-0.007418122,0.095708139,-0.110280865,0.053647477,2.654611826,0.700811982,0.845724344
1706626594.680714,,,,,,,,,,0.000000000,1703862878.503699064,-0.191092405,0.027635522,-0.993933260,-0.008529136,0.096000150,-0.109176313,0.052990790,2.654582977,0.700862586,0.845745206
1706626594.683409,,,,,,,,,,0.000000000,1703862878.503799200,-0.191655432,0.025586714,-0.993951082,-0.007561485,0.096220404,-0.107800889,0.052400518,2.654592752,0.700866699,0.845748663
1706626594.689974,,,,,,,,,,0.000000000,1703862878.513777494,-0.191158119,0.027550097,-0.993941545,-0.008504828,0.096028775,-0.108760341,0.052787546,2.654579401,0.700877130,0.845749795
1706626594.701873,,,,,,,,,,0.000000000,1703862878.523557186,-0.191769300,0.025984210,-0.993916273,-0.007704980,0.096291482,-0.108858664,0.052906040,2.654568911,0.700881064,0.845756412
1706626594.706028,,,,,,,,,,0.000000000,1703862878.523806095,-0.192759460,0.024720537,-0.993922412,-0.007139070,0.096743472,-0.107008933,0.052038983,2.654585123,0.700835109,0.845728099
1706626594.710943,1859.000000000,1703862877.894052744,0.000000000,0.000000000,0.000000000,0.000000000,3.059386730,0.704560399,0.815499961,,,,,,,,,,,,
1706626594.713486,,,,,,,,,,0.000000000,1703862878.534148932,-0.191794856,0.025349538,-0.993923426,-0.007399755,0.096286550,-0.108632501,0.052823972,2.654591799,0.700836003,0.845737696
1706626594.720248,,,,,,,,,,0.000000000,1703862878.543613911,-0.191231927,0.026365390,-0.993924558,-0.007880894,0.096036881,-0.109450175,0.053186566,2.654598475,0.700841188,0.845742285
1706626594.722909,,,,,,,,,,0.000000000,1703862878.543745279,-0.191630996,0.026399749,-0.993920684,-0.007914251,0.096233845,-0.108880836,0.052898321,2.654590845,0.700831294,0.845724344
1706626594.730125,,,,,,,,,,0.000000000,1703862878.553633928,-0.191665303,0.026092053,-0.993932247,-0.007782220,0.096240990,-0.108427130,0.052687339,2.654595137,0.700855911,0.845731556
1706626594.732622,,,,,,,,,,0.000000000,1703862878.553923368,-0.191817574,0.025829226,-0.993922412,-0.007640862,0.096310243,-0.108562960,0.052766114,2.654571056,0.700874507,0.845723212
1706626594.740292,,,,,,,,,,0.000000000,1703862878.563672543,-0.191168604,0.025625147,-0.993922830,-0.007501203,0.095986784,-0.109733132,0.053363293,2.654581070,0.700872898,0.845737576
1706626594.742615,,,,,,,,,,0.000000000,1703862878.563821077,-0.191492928,0.025022692,-0.993941784,-0.007250799,0.096127503,-0.108525642,0.052789263,2.654575586,0.700894713,0.845742047
1706626594.752246,,,,,,,,,,0.000000000,1703862878.573738098,-0.192080693,0.022676045,-0.993923604,-0.006071868,0.096357346,-0.108453580,0.052861366,2.654592752,0.700823784,0.845714629
1706626594.756335,,,,,,,,,,0.000000000,1703862878.573919058,-0.192402108,0.022876679,-0.993906856,-0.006161124,0.096522465,-0.108486856,0.052865576,2.654566765,0.700849891,0.845724285
1706626594.760393,,,,,,,,,,0.000000000,1703862878.583620787,-0.192129356,0.021697028,-0.993909001,-0.005556512,0.096357226,-0.109024023,0.053191625,2.654574871,0.700847149,0.845713079
1706626594.763412,,,,,,,,,,0.000000000,1703862878.583805799,-0.191727002,0.021884417,-0.993920505,-0.005647927,0.096163034,-0.109290857,0.053318441,2.654573917,0.700831532,0.845700920
1706626594.770318,,,,,,,,,,0.000000000,1703862878.593755484,-0.193273231,0.019864226,-0.993899882,-0.004688925,0.096873231,-0.107479848,0.052503899,2.654586792,0.700831473,0.845701516
1706626594.772825,,,,,,,,,,0.000000000,1703862878.593882322,-0.192776431,0.020746566,-0.993912697,-0.005124761,0.096650384,-0.107814462,0.052631292,2.654585600,0.700842977,0.845712185
1706626594.777045,1860.000000000,1703862877.894236565,0.000000000,0.000000000,0.000000000,0.000000000,3.059386730,0.704560399,0.815499961,,,,,,,,,,,,
1706626594.785170,,,,,,,,,,0.000000000,1703862878.603588581,-0.192819705,0.020481029,-0.993907154,-0.004984062,0.096665286,-0.107970812,0.052721489,2.654566765,0.700841129,0.845683575
1706626594.789255,,,,,,,,,,0.000000000,1703862878.603693724,-0.192997564,0.020800149,-0.993927479,-0.005192475,0.096759155,-0.106840392,0.052142914,2.654574156,0.700865448,0.845717847
1706626594.791431,,,,,,,,,,0.000000000,1703862878.613877296,-0.192966537,0.019733892,-0.993919611,-0.004641175,0.096717000,-0.107300442,0.052423354,2.654577255,0.700834692,0.845697820
1706626594.800044,,,,,,,,,,0.000000000,1703862878.623581409,-0.191619990,0.021694581,-0.993925810,-0.005555993,0.096104831,-0.109302453,0.053334188,2.654595613,0.700840890,0.845707178
1706626594.802459,,,,,,,,,,0.000000000,1703862878.623828411,-0.193327344,0.021261785,-0.993902087,-0.005397300,0.096935935,-0.107163484,0.052278552,2.654574156,0.700890422,0.845733643
1706626594.810614,,,,,,,,,,0.000000000,1703862878.633712530,-0.192622594,0.021783463,-0.993918657,-0.005646809,0.096601069,-0.107761658,0.052556168,2.654566526,0.700889826,0.845719457
1706626594.820783,,,,,,,,,,0.000000000,1703862878.643827438,-0.192679429,0.022138272,-0.993926704,-0.005843280,0.096637323,-0.107312585,0.052315399,2.654564381,0.700898826,0.845707178
1706626594.830227,,,,,,,,,,0.000000000,1703862878.653854609,-0.191376384,0.024617835,-0.993936479,-0.007030468,0.096060544,-0.108990849,0.053040933,2.654583693,0.700913072,0.845731437
1706626594.832611,,,,,,,,,,0.000000000,1703862878.654137135,-0.190635507,0.025327898,-0.993935347,-0.007343641,0.095715858,-0.110249504,0.053638931,2.654581785,0.700913787,0.845742822
1706626594.840888,,,,,,,,,,0.000000000,1703862878.663792849,-0.192407874,0.023393303,-0.993924499,-0.006453618,0.096536584,-0.107742784,0.052470818,2.654564381,0.700924158,0.845752835
1706626594.845957,1861.000000000,1703862877.894325733,0.000000000,0.000000000,0.000000000,0.000000000,3.059386730,0.704560399,0.815499961,,,,,,,,,,,,
1706626594.850964,,,,,,,,,,0.000000000,1703862878.673651457,-0.191030031,0.022862447,-0.993938863,-0.006132091,0.095844127,-0.109733303,0.053497072,2.654594660,0.700890183,0.845745742
1706626594.853791,,,,,,,,,,0.000000000,1703862878.673824310,-0.192195067,0.023443067,-0.993923306,-0.006463628,0.096433528,-0.108168846,0.052681945,2.654570580,0.700892031,0.845744371
1706626594.860713,,,,,,,,,,0.000000000,1703862878.683635950,-0.190421181,0.024682745,-0.993937910,-0.007011472,0.095593341,-0.110616701,0.053854167,2.654584408,0.700885296,0.845724881
1706626594.864653,,,,,,,,,,0.000000000,1703862878.683761358,-0.191326120,0.022047193,-0.993947983,-0.005756000,0.095967211,-0.108955908,0.053147398,2.654597998,0.700896978,0.845732629
1706626594.870820,,,,,,,,,,0.000000000,1703862878.693891287,-0.192795645,0.023255979,-0.993908942,-0.006379372,0.096725360,-0.107647557,0.052426878,2.654556274,0.700908899,0.845717728
1706626594.880431,,,,,,,,,,0.000000000,1703862878.703939915,-0.192433980,0.021698306,-0.993927240,-0.005608554,0.096505165,-0.107784197,0.052572984,2.654562950,0.700870335,0.845692694
1706626594.890634,,,,,,,,,,0.000000000,1703862878.713742733,-0.192148488,0.021174638,-0.993945777,-0.005362344,0.096349195,-0.107654770,0.052536175,2.654568911,0.700861871,0.845720232
1706626594.902040,,,,,,,,,,0.000000000,1703862878.723727226,-0.192813362,0.021867592,-0.993919551,-0.005702376,0.096696950,-0.107369258,0.052355565,2.654535294,0.700860500,0.845704019
1706626594.906625,,,,,,,,,,0.000000000,1703862878.724148035,-0.192398616,0.022814334,-0.993903279,-0.006123191,0.096519522,-0.108632851,0.052941162,2.654545784,0.700848937,0.845695555
1706626594.910569,,,,,,,,,,0.000000000,1703862878.733706236,-0.192305737,0.022891208,-0.993930101,-0.006205275,0.096472763,-0.107776236,0.052512523,2.654543161,0.700854957,0.845702112
1706626594.913419,,,,,,,,,,0.000000000,1703862878.733911276,-0.191946807,0.023931974,-0.993934751,-0.006715734,0.096322879,-0.108120734,0.052636579,2.654570818,0.700878084,0.845734119
1706626594.920100,,,,,,,,,,0.000000000,1703862878.743686676,-0.191499287,0.023132746,-0.993923068,-0.006266372,0.096083686,-0.109462367,0.053345550,2.654574394,0.700854361,0.845716357
1706626594.922551,,,,,,,,,,0.000000000,1703862878.744119406,-0.191651651,0.025314871,-0.993931174,-0.007387870,0.096214376,-0.108603666,0.052812587,2.654558182,0.700883865,0.845740199
1706626594.927020,1862.000000000,1703862878.603693724,0.000000000,0.000000000,0.000000000,0.000000000,3.059386730,0.704560399,0.815499961,,,,,,,,,,,,
1706626594.930512,,,,,,,,,,0.000000000,1703862878.754058838,-0.191389716,0.024806983,-0.993941784,-0.007136025,0.096071303,-0.108742586,0.052908354,2.654555559,0.700853348,0.845737159
1706626594.940832,,,,,,,,,,0.000000000,1703862878.763943911,-0.191445950,0.024798397,-0.993942380,-0.007136274,0.096098557,-0.108616219,0.052845467,2.654572010,0.700852215,0.845726728
1706626594.951401,,,,,,,,,,0.000000000,1703862878.773821115,-0.190733994,0.024512298,-0.993941069,-0.006948748,0.095741965,-0.109973933,0.053540155,2.654580355,0.700863838,0.845745564
1706626594.954364,,,,,,,,,,0.000000000,1703862878.773922443,-0.191903791,0.024120791,-0.993912756,-0.006768197,0.096309468,-0.109004435,0.053067017,2.654559374,0.700865149,0.845725060
1706626594.961501,,,,,,,,,,0.000000000,1703862878.783619881,-0.191662546,0.025894230,-0.993920565,-0.007661222,0.096236214,-0.108900189,0.052931972,2.654568434,0.700872481,0.845741987
1706626594.970412,,,,,,,,,,0.000000000,1703862878.793792248,-0.190919902,0.025882280,-0.993950427,-0.007666099,0.095867664,-0.109103745,0.053040419,2.654570103,0.700881124,0.845731437
1706626594.980064,,,,,,,,,,0.000000000,1703862878.803611755,-0.190676362,0.025776573,-0.993950188,-0.007598473,0.095745578,-0.109560180,0.053274516,2.654576778,0.700888216,0.845746636
1706626594.982738,,,,,,,,,,0.000000000,1703862878.803783178,-0.190585202,0.027020789,-0.993953466,-0.008226333,0.095732808,-0.109414463,0.053143375,2.654555798,0.700878918,0.845749855
1706626594.988341,1863.000000000,1703862878.613693476,0.000000000,0.000000000,0.000000000,0.000000000,3.059386730,0.704560399,0.815499961,,,,,,,,,,,,
1706626594.992636,,,,,,,,,,0.000000000,1703862878.813616991,-0.190876924,0.024667832,-0.993942738,-0.007038353,0.095815942,-0.109633608,0.053362321,2.654590130,0.700818896,0.845734000
1706626595.001648,,,,,,,,,,0.000000000,1703862878.823945761,-0.190533390,0.025799424,-0.993945241,-0.007593138,0.095676780,-0.109992347,0.053489484,2.654582262,0.700815141,0.845751822
1706626595.004695,,,,,,,,,,0.000000000,1703862878.824203730,-0.190908607,0.025264335,-0.993949175,-0.007352005,0.095846213,-0.109256147,0.053145874,2.654577017,0.700803041,0.845731974
1706626595.011201,,,,,,,,,,0.000000000,1703862878.833769083,-0.014189284,3.039343551,-0.050458543,-0.996104598,-0.071513534,0.144066526,-0.010744728,2.658543348,0.704044759,0.814340949
1706626595.020645,,,,,,,,,,0.000000000,1703862878.843630552,-0.187390824,-0.064110600,-0.993542194,0.036824677,0.091685995,-0.106142292,0.055780739,2.655213594,0.702419698,0.846702576
1706626595.030427,,,,,,,,,,0.000000000,1703862878.853655338,-0.015300790,3.041871366,-0.049154069,-0.996131599,-0.071969561,0.145011016,-0.011231140,2.658554792,0.704009593,0.814299285
1706626595.032951,,,,,,,,,,0.000000000,1703862878.853899479,-0.014049392,3.040781284,-0.049748007,-0.996144176,-0.071478888,0.143974364,-0.010621352,2.658543110,0.703984082,0.814326644
1706626595.040639,,,,,,,,,,0.000000000,1703862878.863742828,-0.188173233,-0.065407195,-0.993512392,0.037435971,0.092059873,-0.105006781,0.055286877,2.655232430,0.702325106,0.846657813
1706626595.052929,1864.000000000,1703862878.613877296,0.000000000,0.000000000,0.000000000,0.000000000,3.059386730,0.704560399,0.815499961,,,,,,,,,,,,
1706626595.055596,,,,,,,,,,0.000000000,1703862878.873855352,-0.014941400,3.040513636,-0.049844388,-0.996105313,-0.071879283,0.144826719,-0.011096418,2.658557177,0.703968823,0.814332187
1706626595.061836,,,,,,,,,,0.000000000,1703862878.883836985,-0.015844442,3.039742297,-0.050188225,-0.996037424,-0.072499059,0.146126294,-0.011606482,2.658572912,0.703953087,0.814346552
1706626595.065862,,,,,,,,,,0.000000000,1703862878.883932829,0.024222153,3.094187927,-0.024324404,-0.998137593,-0.054893546,0.109306992,0.010794746,2.657752037,0.703291118,0.812729537
1706626595.072813,,,,,,,,,,0.000000000,1703862878.893748283,-0.014808048,3.038945230,-0.050631836,-0.996075690,-0.071741618,0.144560902,-0.011079643,2.658566475,0.703994274,0.814386368
1706626595.083348,,,,,,,,,,0.000000000,1703862878.903854609,-0.015088886,3.040706162,-0.049740706,-0.996094108,-0.072093949,0.145263115,-0.011173804,2.658560276,0.703980923,0.814341784
1706626595.088554,,,,,,,,,,0.000000000,1703862878.904009581,0.023276222,3.094683657,-0.024054358,-0.998133481,-0.055175193,0.109898281,0.010329137,2.657782793,0.703329563,0.812759399
1706626595.093609,,,,,,,,,,0.000000000,1703862878.913773060,-0.014599123,3.039699259,-0.050262000,-0.996082902,-0.071921736,0.144903394,-0.010957154,2.658544064,0.703975081,0.814370155
1706626595.102744,,,,,,,,,,0.000000000,1703862878.923734665,-0.014370329,3.039598855,-0.050324265,-0.996106863,-0.071563967,0.144174367,-0.010828478,2.658536673,0.704007328,0.814363301
1706626595.107837,,,,,,,,,,0.000000000,1703862878.923810244,-0.014698242,3.040790037,-0.049718935,-0.996134818,-0.071580008,0.144210357,-0.010950063,2.658534527,0.703999162,0.814324260
1706626595.112843,,,,,,,,,,0.000000000,1703862878.933644772,-0.014912647,3.039413408,-0.050391342,-0.996064484,-0.072057545,0.145195450,-0.011130929,2.658564329,0.704011917,0.814364076
1706626595.121079,,,,,,,,,,0.000000000,1703862878.943722963,-0.014231440,3.039440622,-0.050408363,-0.996104896,-0.071541622,0.144124055,-0.010763702,2.658550024,0.703996658,0.814376831
1706626595.130140,,,,,,,,,,0.000000000,1703862878.953786850,-0.014337122,3.039247139,-0.050499216,-0.996088684,-0.071694039,0.144437631,-0.010831174,2.658533096,0.704004526,0.814366400
1706626595.140002,1865.000000000,1703862878.623581409,0.000000000,0.000000000,0.000000000,0.000000000,3.059386730,0.704560399,0.815499961,,,,,,,,,,,,
1706626595.142444,,,,,,,,,,0.000000000,1703862878.963877439,-0.014674238,3.038534135,-0.050838105,-0.996043861,-0.072042488,0.145162630,-0.011043047,2.658552647,0.703995347,0.814385295
1706626595.150972,,,,,,,,,,0.000000000,1703862878.973967552,0.022682847,3.093334806,-0.024713077,-0.998111129,-0.055351302,0.110251171,0.009991424,2.657759666,0.703359127,0.812806249
1706626595.160545,,,,,,,,,,0.000000000,1703862878.983836651,-0.015092119,3.039250648,-0.050466720,-0.996065557,-0.071976624,0.145044068,-0.011222351,2.658555508,0.703963876,0.814376354
1706626595.170600,,,,,,,,,,0.000000000,1703862878.993845224,-0.014222986,3.039023696,-0.050616372,-0.996094763,-0.071534872,0.144114566,-0.010774165,2.658535480,0.703974783,0.814383626
1706626595.180720,,,,,,,,,,0.000000000,1703862879.003658295,-0.014781037,3.038628187,-0.050791822,-0.996074915,-0.071641162,0.144361311,-0.011072496,2.658538818,0.703995585,0.814393222
1706626595.184717,,,,,,,,,,0.000000000,1703862879.003958464,-0.014498851,3.039431162,-0.050399575,-0.996078968,-0.071885146,0.144827710,-0.010914951,2.658549070,0.703989923,0.814386487
1706626595.190322,,,,,,,,,,0.000000000,1703862879.013772964,-0.014894288,3.039766110,-0.050219148,-0.996091545,-0.071809508,0.144692530,-0.011096451,2.658527613,0.703996420,0.814367831
1706626595.200713,1866.000000000,1703862878.623656273,0.000000000,0.000000000,0.000000000,0.000000000,3.059386730,0.704560399,0.815499961,,,,,,,,,,,,
1706626595.204079,,,,,,,,,,0.000000000,1703862879.023921013,-0.014882747,3.038437647,-0.050879817,-0.996049106,-0.071925059,0.144938782,-0.011144664,2.658545017,0.703977525,0.814398468
1706626595.211379,,,,,,,,,,0.000000000,1703862879.033738852,0.023615265,3.092036458,-0.025380349,-0.998121560,-0.054774445,0.109059790,0.010435943,2.657756805,0.703363538,0.812821627
1706626595.220634,,,,,,,,,,0.000000000,1703862879.043796778,-0.015220599,3.039542260,-0.050314482,-0.996057749,-0.072180755,0.145457293,-0.011286236,2.658593893,0.704005063,0.814387918
1706626595.230284,,,,,,,,,,0.000000000,1703862879.053627491,-0.014624376,3.038752186,-0.050729729,-0.996039093,-0.072189823,0.145453447,-0.011017739,2.658549786,0.703985393,0.814388216
1706626595.232849,,,,,,,,,,0.000000000,1703862879.053955555,-0.014419611,3.038877941,-0.050681457,-0.996088028,-0.071565568,0.144187996,-0.010879162,2.658543587,0.703994811,0.814403355
1706626595.239959,,,,,,,,,,0.000000000,1703862879.063573837,-0.014552800,3.039087937,-0.050569519,-0.996076524,-0.071794085,0.144651432,-0.010949696,2.658573627,0.703956127,0.814382017
1706626595.242347,,,,,,,,,,0.000000000,1703862879.063707113,-0.014643511,3.039091418,-0.050564397,-0.996075869,-0.071801178,0.144670322,-0.010995225,2.658548594,0.703977287,0.814385176
1706626595.250620,,,,,,,,,,0.000000000,1703862879.073600531,-0.015365046,3.039531577,-0.050315522,-0.996063471,-0.072090290,0.145283227,-0.011354177,2.658571720,0.703970075,0.814378440
1706626595.253552,,,,,,,,,,0.000000000,1703862879.073773861,-0.014883435,3.040600933,-0.049803194,-0.996108770,-0.071865104,0.144794317,-0.011063606,2.658546686,0.703990459,0.814365745
1706626595.260614,,,,,,,,,,0.000000000,1703862879.083714485,0.022725123,3.093155640,-0.024802562,-0.998114586,-0.055244405,0.110034188,0.010010255,2.657802582,0.703327119,0.812825024
1706626595.263039,,,,,,,,,,0.000000000,1703862879.083856583,-0.010035628,3.044379501,-0.048067231,-0.995952070,-0.075456783,0.151726191,-0.008679864,2.658599377,0.704219818,0.814190865
1706626595.270171,1867.000000000,1703862878.623828411,0.000000000,0.000000000,0.000000000,0.000000000,3.059386730,0.704560399,0.815499961,,,,,,,,,,,,
1706626595.272742,,,,,,,,,,0.000000000,1703862879.093744993,-0.015501179,3.040763696,-0.049696945,-0.996094227,-0.072091818,0.145279211,-0.011377461,2.658560753,0.703993142,0.814372003
1706626595.280127,,,,,,,,,,0.000000000,1703862879.103508234,-0.014427102,3.040808117,-0.049717173,-0.996118784,-0.071822770,0.144683754,-0.010826145,2.658544779,0.703982353,0.814347386
1706626595.282647,,,,,,,,,,0.000000000,1703862879.103806257,-0.013998614,3.038988858,-0.050643377,-0.996104598,-0.071395621,0.143823722,-0.010656305,2.658529520,0.703984618,0.814376950
1706626595.290178,,,,,,,,,,0.000000000,1703862879.113627434,-0.014207992,3.039368719,-0.050445642,-0.996107280,-0.071484640,0.144009204,-0.010751700,2.658526182,0.704004288,0.814377785
1706626595.292674,,,,,,,,,,0.000000000,1703862879.113832712,-0.013995762,3.039490385,-0.050393324,-0.996114850,-0.071433082,0.143893419,-0.010638737,2.658532858,0.704010308,0.814382255
1706626595.302593,,,,,,,,,,0.000000000,1703862879.123611450,-0.014522313,3.039043224,-0.050594758,-0.996087670,-0.071624711,0.144310263,-0.010927488,2.658549309,0.704012692,0.814393699
1706626595.307729,,,,,,,,,,0.000000000,1703862879.123992205,-0.014126974,3.039035981,-0.050612934,-0.996089935,-0.071610369,0.144261050,-0.010729617,2.658519506,0.704019129,0.814397693
1706626595.313083,,,,,,,,,,0.000000000,1703862879.134097099,-0.014256096,3.038923975,-0.050663989,-0.996086478,-0.071611747,0.144271728,-0.010798202,2.658536673,0.703995109,0.814390957
1706626595.318270,,,,,,,,,,0.000000000,1703862879.134252787,-0.014328065,3.038807017,-0.050718389,-0.996075213,-0.071724258,0.144502629,-0.010844088,2.658534527,0.703999400,0.814385056
1706626595.325376,1868.000000000,1703862878.633646011,0.000000000,0.000000000,0.000000000,0.000000000,3.059386730,0.704560399,0.815499961,,,,,,,,,,,,
1706626595.330467,,,,,,,,,,0.000000000,1703862879.143866539,-0.014527989,3.039174257,-0.050527778,-0.996081054,-0.071763501,0.144587785,-0.010932634,2.658527613,0.704017878,0.814382851
1706626595.335615,,,,,,,,,,0.000000000,1703862879.153959990,-0.014007520,3.038798609,-0.050737735,-0.996099293,-0.071401618,0.143838256,-0.010667901,2.658521175,0.704025567,0.814394236
1706626595.342777,,,,,,,,,,0.000000000,1703862879.163808107,-0.013829356,3.038914994,-0.050685700,-0.996099174,-0.071453147,0.143931231,-0.010577371,2.658525229,0.704021275,0.814389050
1706626595.352909,,,,,,,,,,0.000000000,1703862879.173943996,-0.014502566,3.038680363,-0.050774921,-0.996070206,-0.071739368,0.144543429,-0.010936568,2.658536911,0.704038858,0.814405739
1706626595.358052,,,,,,,,,,0.000000000,1703862879.174465418,-0.013574351,3.037956541,-0.051173002,-0.996080279,-0.071383506,0.143788243,-0.010480958,2.658506870,0.704038620,0.814396620
1706626595.363015,,,,,,,,,,0.000000000,1703862879.183901787,-0.013571763,3.038636925,-0.050836097,-0.996110320,-0.071209222,0.143431033,-0.010446304,2.658513069,0.704027176,0.814389288
1706626595.372927,,,,,,,,,,0.000000000,1703862879.193642855,-0.014010707,3.038592310,-0.050837521,-0.996074975,-0.071665660,0.144370794,-0.010690389,2.658516884,0.704018235,0.814381659
1706626595.378085,,,,,,,,,,0.000000000,1703862879.193788528,-0.014317251,3.038643479,-0.050798446,-0.996059239,-0.071887031,0.144830689,-0.010852899,2.658547401,0.704006374,0.814381480
1706626595.383519,,,,,,,,,,0.000000000,1703862879.203962088,-0.015333161,3.039090652,-0.050534464,-0.996040940,-0.072247811,0.145602886,-0.011362270,2.658544540,0.704011440,0.814353526
1706626595.389257,1869.000000000,1703862878.633712530,0.000000000,0.000000000,0.000000000,0.000000000,3.059386730,0.704560399,0.815499961,,,,,,,,,,,,
1706626595.392436,,,,,,,,,,0.000000000,1703862879.213835955,-0.015069523,3.040370449,-0.049910765,-0.996099710,-0.071900822,0.144878114,-0.011166655,2.658542871,0.704002440,0.814314842
1706626595.401929,,,,,,,,,,0.000000000,1703862879.223797560,-0.014569039,3.040636916,-0.049795918,-0.996105194,-0.071943589,0.144935446,-0.010909249,2.658518553,0.703973532,0.814319551
1706626595.411356,,,,,,,,,,0.000000000,1703862879.233624458,-0.014899374,3.040828399,-0.049690869,-0.996124387,-0.071726620,0.144514565,-0.011056419,2.658504963,0.704021454,0.814330161
1706626595.414287,,,,,,,,,,0.000000000,1703862879.233738422,-0.015307964,3.040783508,-0.049691636,-0.996079206,-0.072315611,0.145718480,-0.011291436,2.658530712,0.704020441,0.814329982
1706626595.420510,,,,,,,,,,0.000000000,1703862879.243962288,-0.016161618,3.041189205,-0.049455248,-0.996068120,-0.072563201,0.146254388,-0.011715152,2.658546925,0.704010785,0.814324617
1706626595.430181,,,,,,,,,,0.000000000,1703862879.253599644,-0.015954551,3.041441082,-0.049337629,-0.996076226,-0.072550267,0.146214956,-0.011601920,2.658553600,0.704003572,0.814304650
1706626595.432621,,,,,,,,,,0.000000000,1703862879.253891706,-0.015351096,3.040483451,-0.049840439,-0.996077657,-0.072230160,0.145552514,-0.011319630,2.658528566,0.704026878,0.814347386
1706626595.439908,,,,,,,,,,0.000000000,1703862879.263581991,-0.014984538,3.041419080,-0.049392350,-0.996130943,-0.071839273,0.144738492,-0.011083182,2.658506632,0.704021573,0.814307511
1706626595.442283,,,,,,,,,,0.000000000,1703862879.263769150,-0.015648313,3.040452803,-0.049848162,-0.996097088,-0.071934834,0.144975102,-0.011454362,2.658495665,0.704061329,0.814341664
1706626595.450340,,,,,,,,,,0.000000000,1703862879.273676634,-0.015025800,3.041079930,-0.049558483,-0.996114135,-0.071951628,0.144969953,-0.011121649,2.658503532,0.704026878,0.814302862
1706626595.453536,,,,,,,,,,0.000000000,1703862879.274158716,-0.014531717,3.039397970,-0.050417099,-0.996092439,-0.071684867,0.144427639,-0.010922426,2.658489227,0.704042792,0.814350069
1706626595.460412,,,,,,,,,,0.000000000,1703862879.283819914,-0.014749455,3.039906513,-0.050154906,-0.996098161,-0.071775287,0.144614805,-0.011017332,2.658488750,0.704066694,0.814355195
1706626595.470035,,,,,,,,,,0.000000000,1703862879.293582916,-0.014993368,3.040008803,-0.050092395,-0.996082664,-0.072012439,0.145102380,-0.011147346,2.658507586,0.704064667,0.814348161
1706626595.472471,,,,,,,,,,0.000000000,1703862879.293718815,-0.014814665,3.040172801,-0.050019059,-0.996099114,-0.071852200,0.144769637,-0.011044123,2.658520937,0.704035938,0.814341962
1706626595.476742,1870.000000000,1703862878.643610716,0.000000000,0.000000000,0.000000000,0.000000000,3.059386730,0.704560399,0.815499961,,,,,,,,,,,,
1706626595.482669,,,,,,,,,,0.000000000,1703862879.303646803,-0.014379747,3.039673316,-0.050284173,-0.996091068,-0.071809039,0.144666109,-0.010842868,2.658511400,0.704082012,0.814373851
1706626595.487455,,,,,,,,,,0.000000000,1703862879.303955555,-0.009653597,3.042688703,-0.048922755,-0.995903015,-0.075568654,0.151946585,-0.008558816,2.658582211,0.704309225,0.814210773
1706626595.492193,,,,,,,,,,0.000000000,1703862879.313582659,-0.014828248,3.038617750,-0.050791066,-0.996047139,-0.072020836,0.145126229,-0.011115808,2.658515453,0.704058111,0.814406216
1706626595.496791,,,,,,,,,,0.000000000,1703862879.313755274,-0.014841461,3.038874435,-0.050664999,-0.996068120,-0.071819820,0.144720443,-0.011102865,2.658486843,0.704060555,0.814391017
1706626595.500489,,,,,,,,,,0.000000000,1703862879.323855877,-0.192184801,-0.047438144,-0.993629694,0.028584868,0.094553702,-0.104504980,0.054245543,2.655041456,0.702062368,0.846250892
1706626595.503510,,,,,,,,,,0.000000000,1703862879.324000835,-0.014880739,3.038299316,-0.050948940,-0.996046603,-0.071910255,0.144910500,-0.011147918,2.658510923,0.704047978,0.814405978
1706626595.511562,,,,,,,,,,0.000000000,1703862879.334189415,-0.014236845,3.038006403,-0.051121715,-0.996063530,-0.071603678,0.144264465,-0.010821284,2.658476830,0.704073310,0.814419329
1706626595.520256,,,,,,,,,,0.000000000,1703862879.343706608,-0.015003879,3.038866999,-0.050661933,-0.996062040,-0.071893692,0.144877285,-0.011187990,2.658508539,0.704070151,0.814409971
1706626595.533591,,,,,,,,,,0.000000000,1703862879.353726387,-0.014137111,3.040586495,-0.049842492,-0.996143341,-0.071416199,0.143855069,-0.010669027,2.658504486,0.704039931,0.814358175
1706626595.536540,,,,,,,,,,0.000000000,1703862879.353875875,-0.015392145,3.040314924,-0.049926270,-0.996095002,-0.071930066,0.144953976,-0.011331218,2.658502102,0.704039574,0.814343870
1706626595.540329,,,,,,,,,,0.000000000,1703862879.363753319,-0.015482784,3.039664394,-0.050242707,-0.996051550,-0.072295569,0.145699964,-0.011418493,2.658512354,0.704049945,0.814356387
1706626595.542963,,,,,,,,,,0.000000000,1703862879.363952160,-0.014650998,3.039232960,-0.050493021,-0.996075392,-0.071856856,0.144780952,-0.010996665,2.658509493,0.704042315,0.814375818
1706626595.550447,,,,,,,,,,0.000000000,1703862879.373591900,-0.015847859,3.039678773,-0.050220110,-0.996038079,-0.072466075,0.146060997,-0.011608846,2.658530235,0.704037249,0.814343691
1706626595.553086,,,,,,,,,,0.000000000,1703862879.373953581,-0.015068658,3.040301927,-0.049946290,-0.996106803,-0.071778744,0.144633723,-0.011162586,2.658488274,0.704035282,0.814348757
1706626595.558355,1871.000000000,1703862878.643827438,0.000000000,0.000000000,0.000000000,0.000000000,3.059386730,0.704560399,0.815499961,,,,,,,,,,,,
1706626595.561094,,,,,,,,,,0.000000000,1703862879.383881569,-0.014556262,3.038429393,-0.050897844,-0.996062934,-0.071747668,0.144565652,-0.010972877,2.658481598,0.704013765,0.814383268
1706626595.570233,,,,,,,,,,0.000000000,1703862879.393665552,-0.014962571,3.039259261,-0.050467566,-0.996068776,-0.071942434,0.144968609,-0.011155622,2.658480406,0.704063535,0.814397275
1706626595.572716,,,,,,,,,,0.000000000,1703862879.393929958,-0.015105855,3.039021067,-0.050581239,-0.996064126,-0.071914956,0.144923535,-0.011234406,2.658480644,0.704058945,0.814396918
1706626595.579921,,,,,,,,,,0.000000000,1703862879.403882742,-0.014673494,3.040423036,-0.049896557,-0.996085942,-0.072129168,0.145315751,-0.010978451,2.658477545,0.704063118,0.814359725
1706626595.582158,,,,,,,,,,0.000000000,1703862879.404005289,-0.015157050,3.040579791,-0.049803946,-0.996108770,-0.071844339,0.144766831,-0.011199949,2.658473253,0.704074919,0.814356267
1706626595.590846,,,,,,,,,,0.000000000,1703862879.413795233,-0.015200491,3.039111922,-0.050534036,-0.996075630,-0.071781330,0.144659125,-0.011271587,2.658465624,0.704063177,0.814384937
1706626595.600930,,,,,,,,,,0.000000000,1703862879.423726559,-0.191872481,-0.047130944,-0.993646145,0.028429894,0.094405204,-0.104619606,0.054285094,2.655023813,0.702007651,0.846215606
1706626595.603964,,,,,,,,,,0.000000000,1703862879.424193859,-0.014953201,3.039089556,-0.050553359,-0.996070504,-0.071858145,0.144800787,-0.011152818,2.658455610,0.704079092,0.814397514
1706626595.611256,,,,,,,,,,0.000000000,1703862879.433673143,-0.014779358,3.038889899,-0.050659176,-0.996066213,-0.071855307,0.144788297,-0.011073100,2.658456802,0.704062819,0.814394891
1706626595.620300,,,,,,,,,,0.000000000,1703862879.443615437,-0.014839284,3.038603223,-0.050799236,-0.996055365,-0.071900465,0.144885277,-0.011115707,2.658463955,0.704046309,0.814414859
1706626595.622874,,,,,,,,,,0.000000000,1703862879.443758011,-0.191899804,-0.047554964,-0.993631721,0.028653380,0.094403580,-0.104876911,0.054433193,2.655022621,0.702029645,0.846229672
1706626595.627256,1872.000000000,1703862879.303646803,0.000000000,0.000000000,0.000000000,0.000000000,3.059386730,0.704560399,0.815499961,,,,,,,,,,,,
1706626595.630049,,,,,,,,,,0.000000000,1703862879.453634262,-0.191875858,-0.047620106,-0.993636906,0.028676504,0.094392531,-0.104693824,0.054345082,2.655021667,0.702013791,0.846221924
1706626595.632722,,,,,,,,,,0.000000000,1703862879.453995228,-0.191764180,-0.045803104,-0.993675947,0.027757075,0.094390459,-0.104399023,0.054111846,2.655035257,0.702034652,0.846250176
1706626595.640089,,,,,,,,,,0.000000000,1703862879.463663816,-0.009936180,3.044434965,0.048043448,0.995953977,0.075452127,0.151711490,0.008627897,2.658531904,0.704287052,0.814193189
1706626595.651017,,,,,,,,,,0.000000000,1703862879.473760366,-0.014245779,3.039363263,0.050444387,0.996089756,0.071724780,0.144493374,0.010782926,2.658468723,0.704000831,0.814387918
1706626595.654311,,,,,,,,,,0.000000000,1703862879.473832130,-0.014496349,3.040916892,0.049662355,0.996133685,0.071649589,0.144338397,0.010848151,2.658475399,0.704035223,0.814380705
1706626595.659481,1873.000000000,1703862879.303772688,0.000000000,0.000000000,0.000000000,0.000000000,3.059386730,0.704560399,0.815499961,,,,,,,,,,,,
1706626595.663273,,,,,,,,,,0.000000000,1703862879.483697653,-0.015245969,3.040448837,0.049861178,0.996074796,0.072262220,0.145611909,0.011270005,2.658487320,0.704025269,0.814364970
1706626595.670142,,,,,,,,,,0.000000000,1703862879.493649244,-0.191786930,-0.046493082,0.993665874,-0.028099453,-0.094383396,-0.104377931,-0.054134138,2.655036688,0.701974869,0.846212924
1706626595.672656,,,,,,,,,,0.000000000,1703862879.493792057,-0.014890373,3.041351279,0.049425848,0.996105373,0.072173752,0.145406043,0.011055217,2.658495188,0.704024971,0.814336061
1706626595.680270,,,,,,,,,,0.000000000,1703862879.503760815,-0.014812745,3.040860848,0.049675465,0.996109843,0.071944460,0.144947166,0.011022856,2.658483505,0.704016924,0.814332247
1706626595.682933,,,,,,,,,,0.000000000,1703862879.503952026,-0.014900221,3.040264863,0.049966160,0.996075690,0.072204709,0.145480781,0.011101193,2.658480644,0.704042673,0.814371884
1706626595.689889,,,,,,,,,,0.000000000,1703862879.513591528,-0.015130426,3.040340000,0.049920350,0.996077180,0.072198406,0.145479079,0.011213082,2.658491373,0.704016805,0.814352036
1706626595.692671,,,,,,,,,,0.000000000,1703862879.513652563,-0.014861645,3.039660774,0.050269615,0.996068299,0.072095104,0.145265468,0.011098377,2.658475161,0.704040110,0.814381480
1706626595.700994,,,,,,,,,,0.000000000,1703862879.523741961,-0.191902598,-0.046900543,0.993664384,-0.028287513,-0.094435014,-0.104012567,-0.053972900,2.655038118,0.701987922,0.846214175
1706626595.704168,,,,,,,,,,0.000000000,1703862879.523888111,-0.015138971,3.039798875,0.050191980,0.996079266,0.071978413,0.145043900,0.011225950,2.658478737,0.704049349,0.814388752
1706626595.711360,,,,,,,,,,0.000000000,1703862879.533655167,-0.014632016,3.040528010,0.049847487,0.996099830,0.071976125,0.145005189,0.010946268,2.658462763,0.704033434,0.814368069
1706626595.720202,,,,,,,,,,0.000000000,1703862879.543627977,-0.015579907,3.038685622,0.050725371,0.996018887,0.072394408,0.145914726,0.011507685,2.658488512,0.704029202,0.814409733
1706626595.726767,1874.000000000,1703862879.303955555,0.000000000,0.000000000,0.000000000,0.000000000,3.059386730,0.704560399,0.815499961,,,,,,,,,,,,
1706626595.731443,,,,,,,,,,0.000000000,1703862879.553573847,-0.191730617,-0.045879766,0.993656278,-0.027829653,-0.094361305,-0.105147620,-0.054487098,2.655030251,0.701975226,0.846231520
1706626595.735641,,,,,,,,,,0.000000000,1703862879.553713083,-0.014321041,3.040251577,0.049996108,0.996091068,0.072015874,0.145072105,0.010803018,2.658469915,0.704019248,0.814377964
1706626595.740337,,,,,,,,,,0.000000000,1703862879.563776255,-0.015603621,3.039146229,0.050497580,0.996046007,0.072182931,0.145485998,0.011491997,2.658499718,0.704031587,0.814405382
1706626595.752443,,,,,,,,,,0.000000000,1703862879.573961020,-0.015487796,3.040307370,0.049923267,0.996073782,0.072215013,0.145531105,0.011393532,2.658513308,0.704046369,0.814388156
1706626595.761074,,,,,,,,,,0.000000000,1703862879.583975554,-0.015657169,3.040199242,0.049967438,0.996048689,0.072513297,0.146139963,0.011496997,2.658504248,0.704004169,0.814364791
1706626595.770198,,,,,,,,,,0.000000000,1703862879.593811274,-0.015448068,3.041138548,0.049509957,0.996089458,0.072290920,0.145671996,0.011347222,2.658511877,0.703971446,0.814330757
1706626595.781186,,,,,,,,,,0.000000000,1703862879.603736162,-0.015235441,3.041598760,0.049290799,0.996115863,0.072095931,0.145264511,0.011214651,2.658496380,0.703979790,0.814323187
1706626595.784640,,,,,,,,,,0.000000000,1703862879.603885651,-0.014923423,3.040075134,0.050060328,0.996074200,0.072155654,0.145385611,0.011117213,2.658483028,0.703965247,0.814359963
1706626595.789968,,,,,,,,,,0.000000000,1703862879.613726616,-0.015864838,3.039894773,0.050108965,0.996025085,0.072720185,0.146569584,0.011622218,2.658526421,0.703992069,0.814390063
1706626595.792499,,,,,,,,,,0.000000000,1703862879.613889456,-0.016192623,3.041619995,0.049239341,0.996077240,0.072583184,0.146291032,0.011715864,2.658517361,0.704007328,0.814364552
1706626595.801796,,,,,,,,,,0.000000000,1703862879.623693705,-0.015962432,3.039789388,0.050159771,0.996034086,0.072553739,0.146241633,0.011666425,2.658516169,0.703971922,0.814369738
1706626595.804719,,,,,,,,,,0.000000000,1703862879.623849630,-0.015590106,3.040850721,0.049647652,0.996079087,0.072326392,0.145753739,0.011430392,2.658499241,0.703962088,0.814365983
1706626595.811674,,,,,,,,,,0.000000000,1703862879.633962393,-0.016365494,3.041754411,0.049167782,0.996090829,0.072433829,0.145998301,0.011789882,2.658514738,0.703970134,0.814345241
1706626595.816519,,,,,,,,,,0.000000000,1703862879.634189367,-0.015405883,3.040504938,0.049826782,0.996071994,0.072312735,0.145720873,0.011350333,2.658492565,0.703981459,0.814390063
1706626595.820183,,,,,,,,,,0.000000000,1703862879.643634796,-0.015486686,3.041865715,0.049148094,0.996118188,0.072143383,0.145369454,0.011332735,2.658499956,0.703994632,0.814362466
1706626595.822879,,,,,,,,,,0.000000000,1703862879.643783808,-0.015307635,3.041789632,0.049193576,0.996123493,0.072053574,0.145180956,0.011241671,2.658486128,0.703982770,0.814355791
1706626595.827628,1875.000000000,1703862879.313582659,0.000000000,0.000000000,0.000000000,0.000000000,3.059386730,0.704560399,0.815499961,,,,,,,,,,,,
1706626595.830328,,,,,,,,,,0.000000000,1703862879.653689861,-0.015222748,3.042060276,0.049062375,0.996133566,0.072012089,0.145090338,0.011187420,2.658490896,0.704013228,0.814360082
1706626595.834299,,,,,,,,,,0.000000000,1703862879.654110193,-0.015232212,3.040640949,0.049767211,0.996087372,0.072156534,0.145396829,0.011250861,2.658511162,0.704033852,0.814397275
1706626595.841998,,,,,,,,,,0.000000000,1703862879.663643360,-0.014287737,3.038927119,0.050658189,0.996066034,0.071895510,0.144843093,0.010828320,2.658485413,0.704020619,0.814437330
1706626595.855057,,,,,,,,,,0.000000000,1703862879.673683167,-0.014755709,3.039014711,0.050597154,0.996064723,0.071921438,0.144918470,0.011060132,2.658504963,0.704004645,0.814435959
1706626595.858415,,,,,,,,,,0.000000000,1703862879.674154282,-0.192221601,-0.045267900,0.993690729,-0.027450696,-0.094647311,-0.103303295,-0.053546190,2.655030012,0.701998830,0.846310377
1706626595.861592,,,,,,,,,,0.000000000,1703862879.684143305,-0.191164787,-0.045285174,0.993701696,-0.027502909,-0.094101317,-0.104783178,-0.054273020,2.655044556,0.701977670,0.846263885
1706626595.870393,,,,,,,,,,0.000000000,1703862879.693585157,-0.192506467,-0.045036181,0.993660331,-0.027377365,-0.094785035,-0.104037315,-0.053902391,2.655043364,0.701984167,0.846281290
1706626595.872896,,,,,,,,,,0.000000000,1703862879.693712234,-0.015812119,3.038455674,0.050829086,0.995998263,0.072584197,0.146310597,0.011641706,2.658498287,0.704025149,0.814451873
1706626595.880196,,,,,,,,,,0.000000000,1703862879.703630209,-0.192216095,-0.045187131,0.993676126,-0.027438615,-0.094638571,-0.103898877,-0.053838231,2.655027628,0.701975107,0.846257687
1706626595.882605,,,,,,,,,,0.000000000,1703862879.703781605,-0.016163049,3.038281369,0.050899707,0.995972753,0.072851963,0.146868684,0.011836987,2.658514738,0.704008222,0.814439297
1706626595.890209,,,,,,,,,,0.000000000,1703862879.713733196,-0.016232164,3.039581174,0.050250068,0.996006727,0.072840720,0.146834261,0.011823190,2.658515215,0.704000831,0.814417243
1706626595.902183,,,,,,,,,,0.000000000,1703862879.724005938,-0.014970548,3.040621074,0.049789067,0.996103048,0.071946442,0.144961859,0.011110437,2.658499002,0.703942239,0.814379632
1706626595.911699,,,,,,,,,,0.000000000,1703862879.733827829,-0.015555440,3.040406428,0.049869061,0.996060908,0.072423279,0.145951612,0.011434129,2.658519506,0.703956485,0.814374745
1706626595.922156,1876.000000000,1703862879.313755274,0.000000000,0.000000000,0.000000000,0.000000000,3.059386730,0.704560399,0.815499961,,,,,,,,,,,,
1706626595.925540,,,,,,,,,,0.000000000,1703862879.743746758,-0.014858607,3.041000863,0.049602054,0.996100128,0.072125144,0.145310732,0.011049678,2.658510685,0.703975677,0.814370632
1706626595.931811,,,,,,,,,,0.000000000,1703862879.753604889,-0.014822707,3.039851791,0.050176874,0.996079504,0.072009563,0.145089583,0.011067688,2.658488989,0.703981280,0.814391196
1706626595.936208,,,,,,,,,,0.000000000,1703862879.753820419,-0.016001832,3.041396175,0.049355090,0.996055126,0.072819859,0.146759207,0.011640525,2.658519983,0.704005182,0.814373255
1706626595.941753,,,,,,,,,,0.000000000,1703862879.763658524,-0.015685467,3.039309069,0.050408132,0.996016264,0.072644539,0.146415255,0.011550301,2.658505440,0.703958809,0.814390838
1706626595.946192,,,,,,,,,,0.000000000,1703862879.763753891,-0.015443690,3.040158591,0.049998231,0.996065438,0.072280310,0.145661653,0.011380203,2.658513546,0.703971684,0.814388990
1706626595.951363,,,,,,,,,,0.000000000,1703862879.773854494,-0.015129357,3.039487318,0.050342605,0.996040046,0.072410375,0.145914261,0.011254284,2.658502340,0.703958154,0.814413667
1706626595.961166,,,,,,,,,,0.000000000,1703862879.783786058,-0.015063028,3.040925602,0.049631629,0.996094942,0.072160982,0.145393921,0.011156263,2.658513546,0.703947663,0.814379096
1706626595.972723,,,,,,,,,,0.000000000,1703862879.793518066,-0.015419742,3.040962914,0.049597815,0.996080995,0.072347678,0.145786522,0.011342304,2.658524275,0.703931808,0.814372122
1706626595.977984,,,,,,,,,,0.000000000,1703862879.793579578,-0.015467304,3.040873006,0.049641620,0.996083558,0.072278865,0.145651799,0.011365899,2.658519745,0.703941107,0.814385593
1706626595.983240,,,,,,,,,,0.000000000,1703862879.803832054,-0.015189886,3.038756102,0.050705522,0.996027708,0.072318725,0.145741650,0.011306523,2.658527136,0.703943431,0.814430356
1706626595.991675,1877.000000000,1703862879.323694468,0.000000000,0.000000000,0.000000000,0.000000000,3.059386730,0.704560399,0.815499961,,,,,,,,,,,,
1706626595.996677,,,,,,,,,,0.000000000,1703862879.813904762,-0.014826173,3.039520991,0.050337683,0.996046364,0.072350316,0.145777639,0.011098642,2.658529282,0.703943253,0.814435005
1706626596.002766,,,,,,,,,,0.000000000,1703862879.823675156,-0.192138993,-0.045704780,0.993693888,-0.027656572,-0.094597235,-0.103109771,-0.053469978,2.655086994,0.701905727,0.846257985
1706626596.007982,,,,,,,,,,0.000000000,1703862879.823776484,-0.191808865,-0.046114856,0.993681371,-0.027892295,-0.094410375,-0.103958783,-0.053908233,2.655092001,0.701928139,0.846268773
1706626596.012966,,,,,,,,,,0.000000000,1703862879.833784580,-0.191900933,-0.045041186,0.993698835,-0.027348654,-0.094488665,-0.103694725,-0.053727146,2.655093193,0.701936245,0.846274078
1706626596.018023,,,,,,,,,,0.000000000,1703862879.834270477,-0.191232065,-0.045496260,0.993681848,-0.027633114,-0.094122082,-0.105285630,-0.054533184,2.655107260,0.701929629,0.846257567
1706626596.023159,,,,,,,,,,0.000000000,1703862879.843839407,-0.191160830,-0.045714705,0.993690491,-0.027725564,-0.094084933,-0.104981795,-0.054391872,2.655109406,0.701899469,0.846253514
1706626596.032772,,,,,,,,,,0.000000000,1703862879.853627443,0.022352189,3.093101534,-0.024817286,-0.998127997,-0.055028994,0.109610817,0.009827893,2.657784462,0.703274608,0.812864363
1706626596.038013,,,,,,,,,,0.000000000,1703862879.853865385,-0.191544803,-0.046645517,-0.993674278,0.028171018,0.094258383,-0.104417143,0.054158606,2.655127287,0.701849997,0.846240520
1706626596.043203,,,,,,,,,,0.000000000,1703862879.863624811,-0.014689758,3.039630059,-0.050289221,-0.996055067,-0.072275862,0.145619891,-0.011022796,2.658528566,0.703926563,0.814417958
1706626596.051754,,,,,,,,,,0.000000000,1703862879.873597145,-0.015374530,3.039763610,-0.050197914,-0.996058464,-0.072240658,0.145582996,-0.011358061,2.658549309,0.703935683,0.814423561
1706626596.054335,,,,,,,,,,0.000000000,1703862879.873962402,-0.014627378,3.039779785,-0.050218128,-0.996066809,-0.072169721,0.145401903,-0.010980846,2.658531189,0.703898728,0.814396679
1706626596.060234,,,,,,,,,,0.000000000,1703862879.883796930,-0.014254043,3.039692955,-0.050279327,-0.996094286,-0.071777694,0.144596484,-0.010777810,2.658536196,0.703899384,0.814425528
1706626596.070101,,,,,,,,,,0.000000000,1703862879.893671274,-0.013638511,3.039251562,-0.050522413,-0.996090591,-0.071701601,0.144416649,-0.010482563,2.658531904,0.703899741,0.814442456
1706626596.072559,,,,,,,,,,0.000000000,1703862879.894153833,-0.014022643,3.041379932,-0.049448356,-0.996142507,-0.071712397,0.144435462,-0.010598034,2.658549786,0.703904569,0.814386666
1706626596.080680,1878.000000000,1703862879.323855877,0.000000000,0.000000000,0.000000000,0.000000000,3.059386730,0.704560399,0.815499961,,,,,,,,,,,,
1706626596.083834,,,,,,,,,,0.000000000,1703862879.903715372,-0.014514325,3.039300748,-0.050462134,-0.996063590,-0.072050743,0.145162443,-0.010935790,2.658563375,0.703904629,0.814428985
1706626596.090122,,,,,,,,,,0.000000000,1703862879.913640022,-0.014675531,3.038833996,-0.050687023,-0.996040404,-0.072197586,0.145470796,-0.011040700,2.658561707,0.703918278,0.814443290
1706626596.093738,,,,,,,,,,0.000000000,1703862879.913775682,-0.014978763,3.039240967,-0.050474059,-0.996055186,-0.072122820,0.145331853,-0.011173511,2.658569098,0.703936040,0.814440191
1706626596.101420,,,,,,,,,,0.000000000,1703862879.923871279,-0.015473097,3.039886666,-0.050131902,-0.996054232,-0.072337478,0.145781067,-0.011407668,2.658564091,0.703926146,0.814423978
1706626596.104078,,,,,,,,,,0.000000000,1703862879.924077749,-0.015504768,3.040092214,-0.050024718,-0.996036053,-0.072656356,0.146420637,-0.011432002,2.658601284,0.703885853,0.814400256
1706626596.110538,,,,,,,,,,0.000000000,1703862879.933638811,-0.014175984,3.040501572,-0.049877286,-0.996100366,-0.071982995,0.144995955,-0.010719876,2.658562660,0.703886688,0.814397931
1706626596.113087,,,,,,,,,,0.000000000,1703862879.933824778,-0.015881484,3.039734207,-0.050190501,-0.996034622,-0.072531581,0.146193612,-0.011626910,2.658578396,0.703911245,0.814414740
1706626596.120459,,,,,,,,,,0.000000000,1703862879.943687439,-0.015112190,3.040086483,-0.050048444,-0.996078372,-0.072093524,0.145270413,-0.011207930,2.658544779,0.703892946,0.814396858
1706626596.123052,,,,,,,,,,0.000000000,1703862879.944041014,-0.015215640,3.039293226,-0.050438445,-0.996049941,-0.072201110,0.145500728,-0.011293850,2.658544540,0.703892946,0.814411581
1706626596.130180,,,,,,,,,,0.000000000,1703862879.953753948,-0.014699804,3.039787931,-0.050213043,-0.996077478,-0.072022401,0.145109730,-0.011009286,2.658544302,0.703905940,0.814401686
1706626596.138045,1879.000000000,1703862879.324000835,0.000000000,0.000000000,0.000000000,0.000000000,3.059386730,0.704560399,0.815499961,,,,,,,,,,,,
1706626596.140592,,,,,,,,,,0.000000000,1703862879.963734627,-0.014717485,3.038835214,-0.050686069,-0.996048093,-0.072090030,0.145256992,-0.011056131,2.658538580,0.703931212,0.814427733
1706626596.151293,,,,,,,,,,0.000000000,1703862879.974278212,-0.014485723,3.039726863,-0.050255407,-0.996103764,-0.071647123,0.144345876,-0.010885677,2.658531666,0.703932524,0.814418733
1706626596.154232,,,,,,,,,,0.000000000,1703862879.974500895,-0.014789504,3.039379390,-0.050411750,-0.996057272,-0.072152413,0.145379942,-0.011075480,2.658546686,0.703914046,0.814412057
1706626596.160769,,,,,,,,,,0.000000000,1703862879.983857155,-0.015511717,3.040012586,-0.050064459,-0.996036291,-0.072626613,0.146362168,-0.011436894,2.658567667,0.703935683,0.814401925
1706626596.170215,1880.000000000,1703862879.333875895,0.000000000,0.000000000,0.000000000,0.000000000,3.059386730,0.704560399,0.815499961,,,,,,,,,,,,
1706626596.172984,,,,,,,,,,0.000000000,1703862879.993962526,-0.014974196,3.040663898,-0.049767073,-0.996100724,-0.071994804,0.145058655,-0.011113123,2.658557892,0.703906953,0.814384639
1706626596.180209,,,,,,,,,,0.000000000,1703862880.003722668,-0.014037096,3.040535304,-0.049866989,-0.996111274,-0.071850516,0.144722504,-0.010642674,2.658541679,0.703925967,0.814399242
1706626596.190016,,,,,,,,,,0.000000000,1703862880.013660669,-0.014542590,3.039819642,-0.050206363,-0.996100843,-0.071716741,0.144487580,-0.010914232,2.658552647,0.703948259,0.814450443
1706626596.192442,,,,,,,,,,0.000000000,1703862880.013801336,-0.014871004,3.039141653,-0.050528634,-0.996060550,-0.072018541,0.145118006,-0.011118026,2.658547878,0.703920186,0.814415157
1706626596.202022,,,,,,,,,,0.000000000,1703862880.023568153,-0.014721718,3.040322434,-0.049948163,-0.996104658,-0.071832098,0.144722865,-0.010991289,2.658563137,0.703931272,0.814414859
1706626596.205124,,,,,,,,,,0.000000000,1703862880.023731470,-0.014740922,3.038962582,-0.050625220,-0.996073604,-0.071780153,0.144634599,-0.011047456,2.658555984,0.703936875,0.814450562
1706626596.210642,,,,,,,,,,0.000000000,1703862880.033714771,-0.014300113,3.038944232,-0.050648518,-0.996061862,-0.071959861,0.144972748,-0.010837153,2.658551931,0.703904808,0.814446032
1706626596.213236,,,,,,,,,,0.000000000,1703862880.033825159,-0.014618073,3.038861992,-0.050678842,-0.996065199,-0.071867168,0.144804050,-0.010994181,2.658554554,0.703921676,0.814447284
1706626596.220641,,,,,,,,,,0.000000000,1703862880.043973207,-0.014061489,3.039274217,-0.050495058,-0.996085405,-0.071761616,0.144558778,-0.010695990,2.658546448,0.703909039,0.814423323
1706626596.223025,,,,,,,,,,0.000000000,1703862880.044158936,-0.013982337,3.039213298,-0.050530490,-0.996098995,-0.071555905,0.144142291,-0.010648236,2.658535719,0.703917980,0.814439952
1706626596.230277,,,,,,,,,,0.000000000,1703862880.053657532,-0.191600066,-0.045471858,-0.993698359,0.027571244,0.094322890,-0.104034865,0.053913839,2.655103207,0.701932967,0.846280575
1706626596.232766,,,,,,,,,,0.000000000,1703862880.053830862,-0.191123862,-0.044066971,-0.993703663,0.026925329,0.094105810,-0.105393383,0.054518532,2.655107737,0.701952875,0.846299112
1706626596.239856,1881.000000000,1703862879.334189415,0.000000000,0.000000000,0.000000000,0.000000000,3.059386730,0.704560399,0.815499961,,,,,,,,,,,,
1706626596.242281,,,,,,,,,,0.000000000,1703862880.063591719,-0.191528303,-0.045254571,-0.993677020,0.027509835,0.094278991,-0.105060037,0.054412313,2.655102968,0.701922596,0.846268833
1706626596.250482,,,,,,,,,,0.000000000,1703862880.073679924,-0.014357091,3.038653105,-0.050790414,-0.996047556,-0.072050050,0.145159987,-0.010880756,2.658549786,0.703959107,0.814451516
1706626596.252924,,,,,,,,,,0.000000000,1703862880.074168205,-0.014971395,3.040065548,-0.050062485,-0.996068299,-0.072232395,0.145542257,-0.011145372,2.658570290,0.703942418,0.814408839
1706626596.260437,,,,,,,,,,0.000000000,1703862880.084030628,-0.014497253,3.038989449,-0.050621301,-0.996078849,-0.071729824,0.144520601,-0.010922258,2.658542633,0.703942478,0.814446509
1706626596.275560,,,,,,,,,,0.000000000,1703862880.093766928,-0.016259709,3.040179970,-0.049954411,-0.996043622,-0.072543249,0.146231255,-0.011800038,2.658585787,0.703904688,0.814386547
1706626596.283531,,,,,,,,,,0.000000000,1703862880.103627682,-0.015376553,3.040352289,-0.049905099,-0.996076047,-0.072205573,0.145505937,-0.011335882,2.658567667,0.703920901,0.814397275
1706626596.285717,,,,,,,,,,0.000000000,1703862880.103801727,-0.014870223,3.039437853,-0.050380278,-0.996062398,-0.072097912,0.145274031,-0.011110901,2.658547878,0.703938723,0.814435661
1706626596.289428,,,,,,,,,,0.000000000,1703862880.113537788,-0.014569817,3.040186647,-0.050020967,-0.996099412,-0.071866639,0.144785907,-0.010922094,2.658538103,0.703931987,0.814413011
1706626596.291538,,,,,,,,,,0.000000000,1703862880.113637209,-0.015479350,3.040024587,-0.050061718,-0.996049583,-0.072448440,0.146002622,-0.011411338,2.658578873,0.703929365,0.814407468
1706626596.301150,,,,,,,,,,0.000000000,1703862880.123822451,-0.014869703,3.040107044,-0.050048824,-0.996091008,-0.071939550,0.144948566,-0.011078374,2.658551455,0.703927696,0.814389467
1706626596.303808,,,,,,,,,,0.000000000,1703862880.124002218,-0.014628890,3.036970928,-0.051618919,-0.996008277,-0.071975335,0.145042756,-0.011073677,2.658553123,0.703912079,0.814443946
1706626596.311833,1882.000000000,1703862879.974500895,0.000000000,0.000000000,0.000000000,0.000000000,3.059386730,0.704560399,0.815499961,,,,,,,,,,,,
1706626596.314871,,,,,,,,,,0.000000000,1703862880.134198427,-0.014896707,3.039403591,-0.050398566,-0.996075690,-0.071901262,0.144880921,-0.011115420,2.658550978,0.703927577,0.814413369
1706626596.320398,,,,,,,,,,0.000000000,1703862880.143744469,-0.014813750,3.038821944,-0.050691511,-0.996062756,-0.071877465,0.144835328,-0.011093861,2.658545494,0.703933716,0.814453065
1706626596.330539,,,,,,,,,,0.000000000,1703862880.153653145,-0.015094145,3.039517584,-0.050329480,-0.996045172,-0.072353140,0.145797167,-0.011232707,2.658579111,0.703942716,0.814441562
1706626596.333166,,,,,,,,,,0.000000000,1703862880.153913498,-0.014850061,3.039780454,-0.050211567,-0.996078730,-0.071994200,0.145060932,-0.011083160,2.658547640,0.703926206,0.814392149
1706626596.340173,,,,,,,,,,0.000000000,1703862880.163682461,-0.015244544,3.038410250,-0.050872087,-0.995995402,-0.072638050,0.146389631,-0.011362731,2.658578396,0.703924477,0.814428151
1706626596.350292,,,,,,,,,,0.000000000,1703862880.173583269,-0.014664749,3.039170561,-0.050519254,-0.996045411,-0.072249234,0.145570205,-0.011025692,2.658565998,0.703928828,0.814425588
1706626596.353287,,,,,,,,,,0.000000000,1703862880.173750162,-0.016492332,3.041309428,-0.049380481,-0.996053457,-0.072786666,0.146718470,-0.011886946,2.658599854,0.703947008,0.814407468
1706626596.360276,,,,,,,,,,0.000000000,1703862880.183757305,-0.014916142,3.038318421,-0.050933637,-0.996017992,-0.072310895,0.145716602,-0.011185392,2.658554316,0.703891397,0.814432561
1706626596.362670,,,,,,,,,,0.000000000,1703862880.183907270,-0.014072583,3.038355596,-0.050952058,-0.996061444,-0.071766630,0.144579291,-0.010734999,2.658538103,0.703900278,0.814451814
1706626596.370185,,,,,,,,,,0.000000000,1703862880.193682432,-0.014568317,3.038446278,-0.050888538,-0.996060312,-0.071788982,0.144649054,-0.010980397,2.658553123,0.703927159,0.814455330
1706626596.373429,,,,,,,,,,0.000000000,1703862880.193804264,-0.014910202,3.038291314,-0.050949592,-0.996031761,-0.072111286,0.145315789,-0.011173204,2.658556223,0.703930438,0.814448237
1706626596.381911,1883.000000000,1703862879.983648062,0.000000000,0.000000000,0.000000000,0.000000000,3.059386730,0.704560399,0.815499961,,,,,,,,,,,,
1706626596.386083,,,,,,,,,,0.000000000,1703862880.203854799,-0.014419177,3.039043028,-0.050597049,-0.996077776,-0.071768723,0.144594061,-0.010883313,2.658535480,0.703946412,0.814443886
1706626596.390311,,,,,,,,,,0.000000000,1703862880.213851213,-0.014858065,3.039293117,-0.050454106,-0.996067226,-0.071980752,0.145039768,-0.011104154,2.658561230,0.703923345,0.814442754
1706626596.420830,,,,,,,,,,0.000000000,1703862880.223881960,-0.014618176,3.038245997,-0.050985564,-0.996049225,-0.071869448,0.144815426,-0.011016658,2.658549070,0.703923941,0.814446747
1706626596.426876,,,,,,,,,,0.000000000,1703862880.243569374,-0.014893848,3.040083479,-0.050058011,-0.996079445,-0.072088443,0.145249039,-0.011098766,2.658542633,0.703910351,0.814413249
1706626596.441288,,,,,,,,,,0.000000000,1703862880.254081011,-0.015533238,3.040212688,-0.049966533,-0.996057212,-0.072407834,0.145921684,-0.011429340,2.658557653,0.703901052,0.814377725
1706626596.450815,,,,,,,,,,0.000000000,1703862880.263736010,-0.014949539,3.040401368,-0.049896762,-0.996081471,-0.072169483,0.145411062,-0.011119085,2.658549786,0.703905702,0.814392447
1706626596.455284,,,,,,,,,,0.000000000,1703862880.273909092,-0.014844758,3.039786376,-0.050210729,-0.996091366,-0.071822047,0.144714928,-0.011071620,2.658534765,0.703902245,0.814438939
1706626596.463570,,,,,,,,,,0.000000000,1703862880.283532858,-0.014517097,3.041344380,-0.049447656,-0.996137440,-0.071746014,0.144528393,-0.010847867,2.658539772,0.703893840,0.814412057
1706626596.468655,,,,,,,,,,0.000000000,1703862880.283597708,-0.015114984,3.039344165,-0.050419431,-0.996068656,-0.071966380,0.145023620,-0.011229858,2.658533812,0.703922272,0.814463496
1706626596.472823,,,,,,,,,,0.000000000,1703862880.293859482,-0.014210836,3.040806479,-0.049730707,-0.996151686,-0.071374603,0.143772946,-0.010695850,2.658527613,0.703913152,0.814423561
1706626596.484192,,,,,,,,,,0.000000000,1703862880.303753138,-0.190979443,-0.044022488,-0.993682802,0.026948309,0.094021298,-0.106429578,0.055030052,2.655120373,0.701871276,0.846249282
1706626596.488492,,,,,,,,,,0.000000000,1703862880.303883791,-0.015170188,3.038643507,-0.050765071,-0.996042490,-0.072075576,0.145253669,-0.011288399,2.658556938,0.703947008,0.814461350
1706626596.493413,,,,,,,,,,0.000000000,1703862880.313664198,-0.014858308,3.038664152,-0.050767254,-0.996050715,-0.071984768,0.145054870,-0.011127294,2.658542395,0.703925788,0.814454496
1706626596.504071,1884.000000000,1703862879.983857155,0.000000000,0.000000000,0.000000000,0.000000000,3.059386730,0.704560399,0.815499961,,,,,,,,,,,,
1706626596.508834,,,,,,,,,,0.000000000,1703862880.324210882,-0.015029094,3.038590159,-0.050799083,-0.996056199,-0.071874395,0.144842964,-0.011209627,2.658561230,0.703892052,0.814459801
1706626596.513815,,,,,,,,,,0.000000000,1703862880.333711624,-0.015301644,3.040063759,-0.050052896,-0.996077716,-0.072085731,0.145264740,-0.011302958,2.658559322,0.703915596,0.814409852
1706626596.525472,,,,,,,,,,0.000000000,1703862880.343619585,-0.014876335,3.040004615,-0.050097372,-0.996073902,-0.072138198,0.145348920,-0.011095389,2.658562183,0.703918695,0.814420462
1706626596.533599,,,,,,,,,,0.000000000,1703862880.353761435,-0.014896429,3.041095516,-0.049556568,-0.996122181,-0.071851589,0.144762353,-0.011051513,2.658549309,0.703897953,0.814396501
1706626596.542982,,,,,,,,,,0.000000000,1703862880.363593578,-0.015679887,3.040453785,-0.049841862,-0.996067762,-0.072338685,0.145787583,-0.011490300,2.658572674,0.703910291,0.814423144
1706626596.548221,,,,,,,,,,0.000000000,1703862880.363687754,-0.014974262,3.040668582,-0.049766194,-0.996110260,-0.071864218,0.144796414,-0.011106462,2.658557415,0.703908682,0.814422131
1706626596.553255,,,,,,,,,,0.000000000,1703862880.373951197,-0.014585303,3.040887737,-0.049673337,-0.996130764,-0.071676835,0.144397935,-0.010894977,2.658543587,0.703921854,0.814408183
1706626596.562826,,,,,,,,,,0.000000000,1703862880.383694172,-0.014962825,3.039540721,-0.050326217,-0.996068299,-0.072047420,0.145176285,-0.011150849,2.658531189,0.703935504,0.814445078
1706626596.573555,,,,,,,,,,0.000000000,1703862880.393837214,-0.014219826,3.039824912,-0.050216712,-0.996110082,-0.071606286,0.144249143,-0.010747312,2.658518076,0.703926980,0.814440906
1706626596.583859,,,,,,,,,,0.000000000,1703862880.404170513,-0.015101267,3.038771864,-0.050705105,-0.996055126,-0.071949728,0.144995941,-0.011242917,2.658552408,0.703909814,0.814448893
1706626596.592669,,,,,,,,,,0.000000000,1703862880.413876295,-0.015603314,3.040447312,-0.049849015,-0.996074915,-0.072242565,0.145590734,-0.011447495,2.658557892,0.703891933,0.814400136
1706626596.601028,,,,,,,,,,0.000000000,1703862880.423716068,-0.015942564,3.041801553,-0.049160548,-0.996097624,-0.072379544,0.145867383,-0.011574330,2.658569098,0.703894496,0.814398110
1706626596.604915,,,,,,,,,,0.000000000,1703862880.423911333,-0.014749031,3.040216897,-0.049996786,-0.996082723,-0.072097637,0.145258586,-0.011022075,2.658545494,0.703880072,0.814415514
1706626596.610460,,,,,,,,,,0.000000000,1703862880.433638334,-0.015556346,3.041072111,-0.049538210,-0.996081948,-0.072364248,0.145825508,-0.011407349,2.658576727,0.703885257,0.814387202
1706626596.614361,,,,,,,,,,0.000000000,1703862880.433736086,-0.015610425,3.039994933,-0.050071858,-0.996049702,-0.072430313,0.145973292,-0.011476954,2.658563614,0.703913212,0.814421356
1706626596.620188,,,,,,,,,,0.000000000,1703862880.443738699,-0.015380731,3.039755643,-0.050201401,-0.996056616,-0.072262637,0.145627543,-0.011362555,2.658550739,0.703919947,0.814417660
1706626596.630773,,,,,,,,,,0.000000000,1703862880.453625441,-0.015095907,3.040379574,-0.049903892,-0.996091068,-0.072022222,0.145123114,-0.011185581,2.658533573,0.703926146,0.814406037
1706626596.635203,,,,,,,,,,0.000000000,1703862880.453925848,-0.191264487,-0.045497623,-0.993686199,0.027624333,0.094141170,-0.105067420,0.054425117,2.655128956,0.701867819,0.846265495
1706626596.640413,,,,,,,,,,0.000000000,1703862880.463807344,-0.014268605,3.039373403,-0.050437350,-0.996082246,-0.071831159,0.144708042,-0.010799344,2.658540010,0.703916550,0.814450622
1706626596.651289,,,,,,,,,,0.000000000,1703862880.473744631,-0.191290389,-0.046440724,-0.993660152,0.028113749,0.094122343,-0.105496547,0.054682944,2.655107260,0.701846778,0.846247256
1706626596.654008,,,,,,,,,,0.000000000,1703862880.474438190,-0.014426293,3.039064104,-0.050584123,-0.996063948,-0.071967177,0.144992676,-0.010896182,2.658549309,0.703911781,0.814448178
1706626596.658693,1885.000000000,1703862879.993580103,0.000000000,0.000000000,0.000000000,0.000000000,3.059386730,0.704560399,0.815499961,,,,,,,,,,,,
1706626596.661862,,,,,,,,,,0.000000000,1703862880.484656096,-0.014716450,3.039803767,-0.050205842,-0.996086299,-0.071905337,0.144875361,-0.011011123,2.658547401,0.703921437,0.814436913
1706626596.673167,,,,,,,,,,0.000000000,1703862880.493759632,-0.014946133,3.040848947,-0.049677115,-0.996113062,-0.071890153,0.144845042,-0.011087180,2.658532143,0.703907967,0.814401448
1706626596.677433,,,,,,,,,,0.000000000,1703862880.494220495,-0.015691352,3.041585639,-0.049278490,-0.996100545,-0.072278909,0.145655114,-0.011451806,2.658560276,0.703895450,0.814384639
1706626596.682255,,,,,,,,,,0.000000000,1703862880.503794432,-0.015363350,3.040363232,-0.049900938,-0.996081471,-0.072134927,0.145363290,-0.011325353,2.658546925,0.703897595,0.814406991
1706626596.691008,,,,,,,,,,0.000000000,1703862880.513719797,-0.015772897,3.040664072,-0.049737129,-0.996094048,-0.072043397,0.145197019,-0.011514327,2.658549070,0.703941643,0.814432740
1706626596.694826,,,,,,,,,,0.000000000,1703862880.513966799,-0.015067737,3.040164394,-0.050012048,-0.996085525,-0.072025232,0.145130125,-0.011179476,2.658544540,0.703905284,0.814427316
1706626596.700993,,,,,,,,,,0.000000000,1703862880.523838758,0.021623803,3.093745108,-0.024478931,-0.998124838,-0.055299308,0.110175789,0.009475160,2.657803774,0.703245223,0.812849760
1706626596.703398,,,,,,,,,,0.000000000,1703862880.523947954,-0.014819865,3.039959197,-0.050125819,-0.996097445,-0.071800381,0.144668223,-0.011051846,2.658529758,0.703919947,0.814420700
1706626596.710215,,,,,,,,,,0.000000000,1703862880.533703566,-0.015306484,3.038859340,-0.050651420,-0.996040046,-0.072177932,0.145463842,-0.011353818,2.658534527,0.703946948,0.814457715
1706626596.712614,,,,,,,,,,0.000000000,1703862880.533812284,-0.015125007,3.039364531,-0.050410554,-0.996079564,-0.071821496,0.144733004,-0.011226791,2.658533573,0.703923345,0.814451635
1706626596.720050,,,,,,,,,,0.000000000,1703862880.543788433,-0.191193416,-0.045356089,-0.993674457,0.027581807,0.094101042,-0.105695937,0.054730106,2.655118704,0.701863289,0.846242845
1706626596.730938,,,,,,,,,,0.000000000,1703862880.553814888,-0.015248779,3.039897561,-0.050137032,-0.996070027,-0.072135605,0.145364055,-0.011285110,2.658542871,0.703900516,0.814417601
1706626596.734510,,,,,,,,,,0.000000000,1703862880.554056168,-0.014282377,3.038975850,-0.050636306,-0.996081829,-0.071694039,0.144437755,-0.010813637,2.658508062,0.703931570,0.814449012
1706626596.740238,,,,,,,,,,0.000000000,1703862880.563601255,-0.015308033,3.038823119,-0.050667804,-0.996029019,-0.072318263,0.145746103,-0.011363048,2.658544779,0.703902662,0.814439416
1706626596.743734,,,,,,,,,,0.000000000,1703862880.563888550,-0.014640163,3.039338698,-0.050440546,-0.996076763,-0.071876638,0.144818936,-0.010988428,2.658522606,0.703906298,0.814444125
1706626596.749193,1886.000000000,1703862879.993766546,0.000000000,0.000000000,0.000000000,0.000000000,3.059386730,0.704560399,0.815499961,,,,,,,,,,,,
1706626596.754133,,,,,,,,,,0.000000000,1703862880.574159622,-0.016180067,3.040457681,-0.049819533,-0.996053874,-0.072504051,0.146145178,-0.011748159,2.658571243,0.703916550,0.814428687
1706626596.762641,,,,,,,,,,0.000000000,1703862880.583694935,-0.015729580,3.040425201,-0.049855396,-0.996073902,-0.072240420,0.145593161,-0.011511235,2.658547878,0.703907371,0.814432859
1706626596.767771,,,,,,,,,,0.000000000,1703862880.583917141,-0.015319933,3.040535461,-0.049818311,-0.996095836,-0.071998626,0.145085445,-0.011290598,2.658539772,0.703912795,0.814424634
1706626596.772995,,,,,,,,,,0.000000000,1703862880.593798876,-0.015437766,3.040933535,-0.049615458,-0.996103585,-0.072024822,0.145139529,-0.011336293,2.658550739,0.703877032,0.814408660
1706626596.782890,,,,,,,,,,0.000000000,1703862880.603825092,-0.015077663,3.040542321,-0.049824525,-0.996101737,-0.071932092,0.144939394,-0.011166057,2.658550739,0.703903377,0.814433813
1706626596.787964,,,,,,,,,,0.000000000,1703862880.603943825,-0.015889660,3.040024928,-0.050046243,-0.996047080,-0.072462432,0.146051787,-0.011616890,2.658562660,0.703920841,0.814462781
1706626596.792881,,,,,,,,,,0.000000000,1703862880.613937616,-0.192143417,-0.044121053,-0.993676722,0.026937552,0.094622478,-0.104541659,0.054106519,2.655069590,0.701843500,0.846282601
1706626596.804119,,,,,,,,,,0.000000000,1703862880.623751163,-0.015680031,3.039957832,-0.050090075,-0.996062994,-0.072230205,0.145575503,-0.011502998,2.658592463,0.703828633,0.814443827
1706626596.808746,,,,,,,,,,0.000000000,1703862880.623912573,-0.014757832,3.038652050,-0.050779816,-0.996069312,-0.071728356,0.144534918,-0.011064492,2.658570528,0.703837752,0.814486206
1706626596.811309,,,,,,,,,,0.000000000,1703862880.634143829,-0.015715167,3.039964661,-0.050083552,-0.996051550,-0.072388291,0.145894656,-0.011528241,2.658626080,0.703822494,0.814474165
1706626596.820645,,,,,,,,,,0.000000000,1703862880.643816233,-0.015056757,3.039308579,-0.050436694,-0.996051252,-0.072196484,0.145483046,-0.011213726,2.658612490,0.703816831,0.814496040
1706626596.823236,,,,,,,,,,0.000000000,1703862880.644240141,-0.014818139,3.039810905,-0.050195474,-0.996065974,-0.072183296,0.145438627,-0.011075646,2.658637285,0.703786731,0.814471781
1706626596.830316,,,,,,,,,,0.000000000,1703862880.653628349,-0.007834366,3.034823405,-0.052873503,-0.995370150,-0.079848573,0.160515759,-0.008176874,2.658850908,0.703215837,0.814745486
1706626596.834910,,,,,,,,,,0.000000000,1703862880.653803349,-0.014771799,3.039522205,-0.050340664,-0.996056914,-0.072207890,0.145488842,-0.011064251,2.658652306,0.703762352,0.814481556
1706626596.839764,1887.000000000,1703862879.993962526,0.000000000,0.000000000,0.000000000,0.000000000,3.059386730,0.704560399,0.815499961,,,,,,,,,,,,
1706626596.843537,,,,,,,,,,0.000000000,1703862880.663688660,-0.188856385,-0.081093944,0.993763924,-0.044120569,-0.092506908,-0.080652063,-0.043921445,2.655465603,0.701399088,0.846628785
1706626596.850576,,,,,,,,,,0.000000000,1703862880.674125671,-0.015164343,3.040864235,-0.049656082,-0.996077657,-0.072372787,0.145825045,-0.011219638,2.658635378,0.703687787,0.814522684
1706626596.860543,,,,,,,,,,0.000000000,1703862880.683773994,-0.009943577,3.046146643,-0.047188684,-0.995976329,-0.075702280,0.152199391,-0.008578515,2.658670187,0.703954875,0.814328909
1706626596.870173,,,,,,,,,,0.000000000,1703862880.693577290,-0.190243756,-0.040050201,-0.993779123,0.024939762,0.093769081,-0.106085637,0.054666843,2.655199766,0.701620996,0.846361041
1706626596.872590,,,,,,,,,,0.000000000,1703862880.693743944,-0.014409629,3.042311481,-0.048969608,-0.996159732,-0.071777366,0.144575430,-0.010760799,2.658600569,0.703699529,0.814533174
1706626596.880840,,,,,,,,,,0.000000000,1703862880.703676701,-0.191324848,-0.040653716,-0.993752301,0.025210330,0.094305053,-0.104881197,0.054104879,2.655179977,0.701579630,0.846345782
1706626596.890731,,,,,,,,,,0.000000000,1703862880.713758707,-0.007714832,3.042388468,-0.049065560,-0.995070279,-0.085801825,0.172411281,-0.008107259,2.659134865,0.704445362,0.814333558
1706626596.900418,,,,,,,,,,0.000000000,1703862880.723668098,-0.007359226,3.042908359,-0.048819650,-0.995055079,-0.086136132,0.173061284,-0.007923899,2.659176826,0.704463601,0.814328909
1706626596.911052,1888.000000000,1703862880.003617764,0.000000000,0.000000000,0.000000000,0.000000000,3.059386730,0.704560399,0.815499961,,,,,,,,,,,,
1706626596.914636,,,,,,,,,,0.000000000,1703862880.733541965,-0.007352760,3.043328338,-0.048610300,-0.995057881,-0.086222693,0.173231619,-0.007906734,2.659164906,0.704405487,0.814294755
1706626596.920864,,,,,,,,,,0.000000000,1703862880.743598938,-0.015707805,3.042887375,-0.048617683,-0.996056855,-0.073319264,0.147729867,-0.011463394,2.658729315,0.703593612,0.814494550
1706626596.930032,,,,,,,,,,0.000000000,1703862880.753533363,-0.008354955,3.045286352,-0.047588062,-0.995056868,-0.086762309,0.174349335,-0.008347543,2.659175158,0.704366505,0.814279437
1706626596.939823,,,,,,,,,,0.000000000,1703862880.763448954,-0.008588046,3.046073232,-0.047189143,-0.995103657,-0.086436316,0.173698775,-0.008414024,2.659131289,0.704345047,0.814290047
1706626596.950324,,,,,,,,,,0.000000000,1703862880.773730755,-0.064926008,2.996219145,-0.070446245,-0.995076001,-0.059223436,0.123621983,-0.036793444,2.658921719,0.702266335,0.816377223
1706626596.952965,,,,,,,,,,0.000000000,1703862880.773805618,-0.065040439,2.996277922,-0.070414528,-0.995078325,-0.059188157,0.123557469,-0.036846347,2.658950329,0.702303410,0.816390514
1706626596.961264,,,,,,,,,,0.000000000,1703862880.783555269,-0.064765961,2.995379480,-0.070884533,-0.995073259,-0.058796231,0.122782358,-0.036708944,2.658960104,0.702331960,0.816415548
1706626596.976120,1889.000000000,1703862880.003722668,0.000000000,0.000000000,0.000000000,0.000000000,3.059386730,0.704560399,0.815499961,,,,,,,,,,,,
1706626596.982101,,,,,,,,,,0.000000000,1703862880.803668976,-0.007332402,3.042259496,-0.049146403,-0.995069146,-0.085786402,0.172362195,-0.007921320,2.659122229,0.704440653,0.814320028
1706626596.985551,,,,,,,,,,0.000000000,1703862880.803728819,-0.016220184,3.040715062,-0.049679048,-0.995993137,-0.073420316,0.147984028,-0.011804488,2.658706665,0.703665078,0.814525247
1706626596.989890,,,,,,,,,,0.000000000,1703862880.813594580,-0.014888295,3.039164386,-0.050510500,-0.996020973,-0.072571181,0.146228318,-0.011153861,2.658751726,0.703647852,0.814563394
1706626597.000720,,,,,,,,,,0.000000000,1703862880.823515177,-0.014044539,3.037504707,-0.051368609,-0.995984554,-0.072523415,0.146106642,-0.010790796,2.658773899,0.703656554,0.814594448
1706626597.003382,,,,,,,,,,0.000000000,1703862880.823723555,-0.005904578,3.039771943,-0.050448470,-0.995041311,-0.085408367,0.171549115,-0.007297178,2.659232855,0.704515755,0.814364374
1706626597.012112,,,,,,,,,,0.000000000,1703862880.833479404,-0.006092483,3.031586794,-0.054552939,-0.995269656,-0.080042914,0.160836690,-0.007448031,2.658941031,0.703127623,0.814864933
1706626597.017981,,,,,,,,,,0.000000000,1703862880.833515882,-0.006018668,3.030863445,-0.054915134,-0.995241940,-0.080140136,0.161033377,-0.007445649,2.658921242,0.703141510,0.814891577
1706626597.022366,,,,,,,,,,0.000000000,1703862880.843496799,-0.006442741,3.031797640,-0.054435067,-0.995287478,-0.079885848,0.160538837,-0.007605782,2.658892632,0.703183472,0.814878881
1706626597.027466,,,,,,,,,,0.000000000,1703862880.843536615,-0.006869436,3.029781250,-0.055418778,-0.995206177,-0.080191545,0.161192654,-0.007916760,2.658869982,0.703197658,0.814894915
1706626597.031214,,,,,,,,,,0.000000000,1703862880.853863955,-0.190390946,-0.083832207,-0.993666649,0.045428034,0.093248770,-0.078918399,0.043215789,2.655375719,0.701705515,0.846771955
1706626597.039877,,,,,,,,,,0.000000000,1703862880.863662720,-0.015259128,3.036300692,-0.051928543,-0.995982051,-0.072062373,0.145258538,-0.011417237,2.658536911,0.703938007,0.814581513
1706626597.050377,,,,,,,,,,0.000000000,1703862880.873755932,-0.015425692,3.039241955,-0.050462414,-0.996086776,-0.071661972,0.144429647,-0.011373283,2.658506393,0.703926027,0.814534605
1706626597.052832,,,,,,,,,,0.000000000,1703862880.873885632,-0.015986799,3.038780412,-0.050665010,-0.996031225,-0.072236769,0.145618256,-0.011699369,2.658514500,0.703904390,0.814550877
1706626597.059013,1890.000000000,1703862880.013660669,0.000000000,0.000000000,0.000000000,0.000000000,3.059386730,0.704560399,0.815499961,,,,,,,,,,,,
1706626597.062496,,,,,,,,,,0.000000000,1703862880.883618593,-0.016047389,3.040025961,-0.050045408,-0.996080458,-0.071992733,0.145116783,-0.011672005,2.658517361,0.703837395,0.814539313
1706626597.070997,,,,,,,,,,0.000000000,1703862880.893698692,-0.063637172,2.992759589,-0.072246484,-0.995031655,-0.058168259,0.121530502,-0.036179319,2.658878565,0.702455342,0.816416621
1706626597.080618,,,,,,,,,,0.000000000,1703862880.903656244,-0.015652110,3.040509655,-0.049816597,-0.996078908,-0.072205327,0.145517758,-0.011467725,2.658565760,0.703757465,0.814509928
1706626597.089875,,,,,,,,,,0.000000000,1703862880.913551569,-0.189891617,-0.083756942,0.993636668,-0.045500219,-0.092944376,-0.081464970,-0.044468038,2.655380249,0.701465666,0.846638560
1706626597.100342,,,,,,,,,,0.000000000,1703862880.923581600,-0.189103622,-0.083130716,0.993683398,-0.045185618,-0.092561319,-0.081701267,-0.044541564,2.655342579,0.701463342,0.846624017
1706626597.110530,,,,,,,,,,0.000000000,1703862880.933485746,-0.007788318,3.037299737,-0.051650096,-0.995506227,-0.078965455,0.158718847,-0.008008682,2.658687115,0.703222215,0.814714789
1706626597.113745,,,,,,,,,,0.000000000,1703862880.933532238,-0.188488559,-0.085250908,0.993633568,-0.046290975,-0.092176639,-0.083073186,-0.045309413,2.655340910,0.701477587,0.846621573
1706626597.120584,1891.000000000,1703862880.013801336,0.000000000,0.000000000,0.000000000,0.000000000,3.059386730,0.704560399,0.815499961,,,,,,,,,,,,
1706626597.123084,,,,,,,,,,0.000000000,1703862880.943535089,-0.006717471,3.037987919,-0.051352721,-0.995552123,-0.078637250,0.157998131,-0.007429995,2.658679485,0.703222096,0.814697742
1706626597.131713,,,,,,,,,,0.000000000,1703862880.953599691,-0.187040664,-0.084325859,0.993710876,-0.045830689,-0.091464780,-0.083649131,-0.045525402,2.655378103,0.701401889,0.846622646
1706626597.140500,,,,,,,,,,0.000000000,1703862880.963747263,-0.186670772,-0.084448165,0.993709862,-0.045915961,-0.091262326,-0.084338691,-0.045866564,2.655428410,0.701392591,0.846634924
1706626597.149873,,,,,,,,,,0.000000000,1703862880.973617315,-0.179877367,-0.079006985,0.994336367,-0.042697024,-0.088196903,-0.075597253,-0.041152176,2.655679226,0.701569676,0.846468389
1706626597.161012,,,,,,,,,,0.000000000,1703862880.983594418,-0.184848007,-0.085072212,0.993774474,-0.046205074,-0.090335026,-0.084641683,-0.046010595,2.655521154,0.701322496,0.846669436
1706626597.164247,,,,,,,,,,0.000000000,1703862880.983706951,-0.186732352,-0.045037389,0.993698657,-0.027625160,-0.091798611,-0.112538576,-0.058076385,2.655265331,0.701613486,0.846281111
1706626597.169827,,,,,,,,,,0.000000000,1703862880.993545294,-0.178613937,-0.080143643,0.994360149,-0.043260224,-0.087535515,-0.076044807,-0.041401759,2.655650616,0.701582253,0.846513271
1706626597.179855,,,,,,,,,,0.000000000,1703862881.003518343,-0.242124140,-0.069991783,0.990258455,-0.041479085,-0.118543476,-0.112769455,-0.060126897,2.654337168,0.700351059,0.848598421
1706626597.182341,,,,,,,,,,0.000000000,1703862881.003564835,-0.242914838,-0.069161051,0.990222692,-0.041097004,-0.118957087,-0.112917230,-0.060161673,2.654294491,0.700358510,0.848589897
1706626597.190157,,,,,,,,,,0.000000000,1703862881.013448715,-0.242952167,-0.069146631,0.990204751,-0.041122213,-0.118965164,-0.113444809,-0.060422532,2.654288054,0.700360119,0.848598540
1706626597.197103,1892.000000000,1703862880.873755932,0.000000000,0.000000000,0.000000000,0.000000000,3.059386730,0.704560399,0.815499961,,,,,,,,,,,,
1706626597.200188,,,,,,,,,,0.000000000,1703862881.023542643,-0.199968703,-0.069022086,0.991109431,-0.042015091,-0.096773706,-0.156296278,-0.081066094,2.654982328,0.702039659,0.850265503
1706626597.203345,,,,,,,,,,0.000000000,1703862881.023647785,-0.220968194,-0.109631137,0.990222394,-0.061021898,-0.106593765,-0.121203342,-0.066134721,2.654959679,0.701486230,0.849775314
1706626597.210876,,,,,,,,,,0.000000000,1703862881.033517599,-0.186202903,-0.046750182,0.993669748,-0.028508633,-0.091471173,-0.113560189,-0.058657795,2.655172825,0.701681972,0.846292794
1706626597.213676,,,,,,,,,,0.000000000,1703862881.033552885,-0.206113754,-0.068033907,0.990948796,-0.041582637,-0.099931382,-0.152878965,-0.079404540,2.654912472,0.701905608,0.849924684
1706626597.220081,,,,,,,,,,0.000000000,1703862881.043628693,-0.242514649,-0.068133119,0.990246952,-0.040619537,-0.118775442,-0.113622032,-0.060444102,2.654266596,0.700319827,0.848583519
1706626597.230452,,,,,,,,,,0.000000000,1703862881.053626537,-0.061221571,2.989473512,0.073979065,0.994979680,0.057582580,0.120284214,0.035027426,2.658802748,0.702448666,0.816487730
1706626597.239958,,,,,,,,,,0.000000000,1703862881.063591957,-0.196993873,-0.069796233,0.991289973,-0.042234037,-0.095291331,-0.155155881,-0.080498338,2.654999733,0.702060401,0.850422680
1706626597.250471,,,,,,,,,,0.000000000,1703862881.073652029,-0.061077769,2.989574862,0.073950633,0.995014012,0.057091001,0.119281338,0.034915909,2.658774376,0.702479780,0.816501737
1706626597.254803,,,,,,,,,,0.000000000,1703862881.073740721,-0.197555154,-0.068994644,0.991285980,-0.041848648,-0.095605776,-0.154972511,-0.080376722,2.654961824,0.702038586,0.850366652
1706626597.261028,,,,,,,,,,0.000000000,1703862881.083576202,-0.061410803,2.989875578,0.073787160,0.995014906,0.057184964,0.119485578,0.035080500,2.658751011,0.702491403,0.816492736
1706626597.270239,1893.000000000,1703862880.873885632,0.000000000,0.000000000,0.000000000,0.000000000,3.059386730,0.704560399,0.815499961,,,,,,,,,,,,
1706626597.273162,,,,,,,,,,0.000000000,1703862881.093540668,-0.200521812,-0.070220583,0.991184533,-0.042473994,-0.097067542,-0.153090970,-0.079543121,2.654959917,0.701958776,0.850197494
1706626597.280438,,,,,,,,,,0.000000000,1703862881.103739023,-0.062127552,2.989637292,-0.073862642,-0.994962931,-0.057739574,0.120664668,-0.035487350,2.658865452,0.702458143,0.816501200
1706626597.290094,,,,,,,,,,0.000000000,1703862881.113652945,-0.186332334,-0.048359756,-0.993668318,0.029268112,0.091502249,-0.112604636,0.058257859,2.655245066,0.701555252,0.846250653
1706626597.301970,,,,,,,,,,0.000000000,1703862881.123758793,-0.009778610,3.041957480,-0.049332835,-0.996318102,-0.069619507,0.140014328,-0.008354516,2.658458948,0.703625083,0.814436853
1706626597.310197,,,,,,,,,,0.000000000,1703862881.133534431,-0.062154310,2.989737548,-0.073800258,-0.994947195,-0.058067251,0.121321859,-0.035522014,2.658844233,0.702404857,0.816454947
1706626597.312988,,,,,,,,,,0.000000000,1703862881.133651495,-0.061845169,2.989118130,-0.074120514,-0.994932353,-0.058000587,0.121185773,-0.035381213,2.658851624,0.702408195,0.816490829
1706626597.320035,,,,,,,,,,0.000000000,1703862881.143566608,-0.061342776,2.989810041,-0.073796973,-0.994972587,-0.057892822,0.120905424,-0.035100941,2.658826113,0.702426553,0.816471517
1706626597.330104,,,,,,,,,,0.000000000,1703862881.153784752,-0.062273540,2.989139693,-0.074083962,-0.994907260,-0.058330562,0.121881849,-0.035619412,2.658853769,0.702385545,0.816475868
1706626597.340531,,,,,,,,,,0.000000000,1703862881.163605928,-0.062298340,2.989030784,-0.074140370,-0.994907856,-0.058243591,0.121712855,-0.035628658,2.658850193,0.702379107,0.816472650
1706626597.346361,1894.000000000,1703862880.883501530,0.000000000,0.000000000,0.000000000,0.000000000,3.059386730,0.704560399,0.815499961,,,,,,,,,,,,
1706626597.352106,,,,,,,,,,0.000000000,1703862881.173539877,-0.062306836,2.989455930,-0.073934324,-0.994932771,-0.058091111,0.121391788,-0.035608631,2.658843756,0.702409387,0.816486418
1706626597.354994,,,,,,,,,,0.000000000,1703862881.173639536,-0.063186376,2.988688880,-0.074279562,-0.994878590,-0.058282994,0.121874034,-0.036086217,2.658903837,0.702360332,0.816498458
1706626597.360190,,,,,,,,,,0.000000000,1703862881.183640480,-0.063110510,2.989024159,-0.074118078,-0.994896829,-0.058212020,0.121713242,-0.036032762,2.658890486,0.702377021,0.816515982
1706626597.370503,,,,,,,,,,0.000000000,1703862881.193489552,-0.062676913,2.987982141,-0.074659683,-0.994879305,-0.057943419,0.121176848,-0.035827439,2.658863783,0.702355027,0.816518307
1706626597.373129,,,,,,,,,,0.000000000,1703862881.193524599,-0.061888683,2.988217805,-0.074571058,-0.994904816,-0.057869390,0.120957501,-0.035420444,2.658859968,0.702380896,0.816517115
1706626597.383645,,,,,,,,,,0.000000000,1703862881.203598976,-0.061894872,2.988876068,-0.074238561,-0.994921386,-0.058017157,0.121231588,-0.035414651,2.658860922,0.702403307,0.816501319
1706626597.389921,,,,,,,,,,0.000000000,1703862881.213555336,-0.201554871,-0.070296724,-0.991104066,0.042580724,0.097562991,-0.153737423,0.079881214,2.654984474,0.701930881,0.850174844
1706626597.401043,,,,,,,,,,0.000000000,1703862881.223653316,-0.198411925,-0.073267066,-0.991188347,0.043952901,0.095879190,-0.154040506,0.080131173,2.655028582,0.701993823,0.850373149
1706626597.411921,,,,,,,,,,0.000000000,1703862881.233752251,-0.060963181,2.989388035,-0.074014693,-0.994955122,-0.058016650,0.121139583,-0.034933034,2.658836603,0.702416480,0.816496611
1706626597.420299,,,,,,,,,,0.000000000,1703862881.243562222,-0.061858556,2.988918652,-0.074218534,-0.994923413,-0.058018688,0.121230312,-0.035395306,2.658843279,0.702411115,0.816507876
1706626597.429975,,,,,,,,,,0.000000000,1703862881.253771544,-0.834413560,0.372383973,-0.027346490,0.406605601,0.147922412,3.035669367,0.901134372,2.674844027,0.708518684,0.838496447
1706626597.441753,,,,,,,,,,0.000000000,1703862881.263626575,-0.833785460,0.370541724,-0.027433705,0.406264901,0.147365570,3.036825807,0.901376605,2.674781084,0.708569586,0.838463962
1706626597.449200,1895.000000000,1703862880.883618593,0.000000000,0.000000000,0.000000000,0.000000000,3.059386730,0.704560399,0.815499961,,,,,,,,,,,,
1706626597.453201,,,,,,,,,,0.000000000,1703862881.273556471,-0.208720739,-0.071323742,-0.990875781,0.043133780,0.101166807,-0.149458117,0.077909902,2.654965639,0.701801836,0.849917591
1706626597.461690,,,,,,,,,,0.000000000,1703862881.283790588,-0.575639729,0.569444010,0.043918807,0.305972993,0.230527356,2.873609817,0.922663987,2.676404953,0.707815289,0.834211051
1706626597.464439,,,,,,,,,,0.000000000,1703862881.283978462,-0.062036044,2.988083287,0.074618749,0.994874060,0.058270790,0.121780814,0.035528343,2.658931732,0.702365756,0.816534758
1706626597.469844,,,,,,,,,,0.000000000,1703862881.293561697,-0.061838030,2.987765647,0.074784905,0.994867861,0.058219112,0.121672648,0.035435081,2.658945084,0.702345431,0.816543758
1706626597.524016,1896.000000000,1703862880.893543720,0.000000000,0.000000000,0.000000000,0.000000000,3.059386730,0.704560399,0.815499961,,,,,,,,,,,,
1706626597.585511,1897.000000000,1703862880.893698692,0.000000000,0.000000000,0.000000000,0.000000000,3.059386730,0.704560399,0.815499961,,,,,,,,,,,,
1706626597.590092,,,,,,,,,,0.000000000,1703862881.413583994,-0.577167983,0.570057205,0.043855336,0.306740642,0.230568573,2.873041013,0.922401845,2.676331282,0.707816422,0.834196150
1706626597.600140,,,,,,,,,,0.000000000,1703862881.423604965,-0.577665893,0.568504757,0.043379527,0.306771755,0.230014518,2.874425159,0.922552347,2.676329613,0.707844555,0.834201753
1706626597.602683,,,,,,,,,,0.000000000,1703862881.423753500,-0.574782390,0.570877864,0.043928780,0.305642933,0.231242612,2.873395108,0.922594011,2.676405668,0.707756281,0.834163487
1706626597.610398,,,,,,,,,,0.000000000,1703862881.433608532,-0.576741604,0.570124265,0.043801025,0.306522816,0.230678797,2.873276850,0.922449231,2.676352501,0.707825303,0.834218264
1706626597.619915,,,,,,,,,,0.000000000,1703862881.443491936,-0.575200843,0.569010085,0.043540392,0.305637956,0.230540872,2.874718032,0.922789633,2.676385164,0.707813084,0.834190965
1706626597.622486,,,,,,,,,,0.000000000,1703862881.443534851,-0.832504143,0.369451412,-0.028160959,0.405532569,0.147432983,3.039198116,0.901672840,2.674861908,0.708500147,0.838451385
1706626597.630830,,,,,,,,,,0.000000000,1703862881.453539848,-0.063016478,2.989504883,0.073857106,0.994875431,0.058909405,0.123090431,0.036022868,2.658926725,0.702371001,0.816441536
1706626597.640363,,,,,,,,,,0.000000000,1703862881.463539124,-0.063227985,2.989690132,0.073757328,0.994878054,0.058929287,0.123140187,0.036124431,2.658930540,0.702346027,0.816439271
1706626597.649388,1898.000000000,1703862880.903583050,0.000000000,0.000000000,0.000000000,0.000000000,3.059386730,0.704560399,0.815499961,,,,,,,,,,,,
1706626597.652116,,,,,,,,,,0.000000000,1703862881.474026680,-0.063821244,2.989651077,0.073739313,0.994838476,0.059411582,0.124157504,0.036458112,2.658982038,0.702319205,0.816447794
1706626597.661001,,,,,,,,,,0.000000000,1703862881.483709335,-0.062435336,2.989062487,0.074107349,0.994885981,0.058599040,0.122437001,0.035722695,2.658918142,0.702351809,0.816479325
1706626597.663707,,,,,,,,,,0.000000000,1703862881.483874559,-0.063281817,2.989413296,0.073886409,0.994855762,0.059112154,0.123522082,0.036173463,2.658949137,0.702323198,0.816466749
1706626597.670592,,,,,,,,,,0.000000000,1703862881.493651867,-0.063126295,2.989568091,0.073818773,0.994870782,0.058999956,0.123278748,0.036082570,2.658956289,0.702352107,0.816468835
1706626597.673174,,,,,,,,,,0.000000000,1703862881.493826389,-0.063420881,2.990047215,0.073571749,0.994885683,0.058977898,0.123239964,0.036213506,2.658946753,0.702354848,0.816461325
1706626597.680887,,,,,,,,,,0.000000000,1703862881.503923655,-0.062514116,2.988145087,0.074564993,0.994857073,0.058474153,0.122225093,0.035780847,2.658903122,0.702338219,0.816494346
1706626597.691223,,,,,,,,,,0.000000000,1703862881.513828278,-0.062079476,2.988085811,0.074613638,0.994869471,0.058338638,0.121920548,0.035555080,2.658904552,0.702364028,0.816505432
1706626597.700699,,,,,,,,,,0.000000000,1703862881.523997068,-0.062018917,2.988577316,0.074377701,0.994899511,0.058163594,0.121546340,0.035496712,2.658872366,0.702365518,0.816501677
1706626597.712596,1899.000000000,1703862880.903656244,0.000000000,0.000000000,0.000000000,0.000000000,3.059386730,0.704560399,0.815499961,,,,,,,,,,,,
1706626597.715538,,,,,,,,,,0.000000000,1703862881.534036398,-0.062164956,2.989269107,0.074013211,0.994897425,0.058611207,0.122432883,0.035582032,2.658880234,0.702373862,0.816474617
1706626597.720120,,,,,,,,,,0.000000000,1703862881.543647766,-0.061877191,2.989372072,0.073965646,0.994895875,0.058777157,0.122740327,0.035447273,2.658902407,0.702370524,0.816462040
1706626597.722542,,,,,,,,,,0.000000000,1703862881.544148684,-0.062315669,2.988971633,0.074162498,0.994894385,0.058430277,0.122091616,0.035653044,2.658898830,0.702363253,0.816458046
1706626597.731617,,,,,,,,,,0.000000000,1703862881.553682089,-0.010903504,3.043043494,0.048746314,0.996296048,0.070275754,0.141378471,0.008910332,2.658506870,0.703580797,0.814403594
1706626597.740977,,,,,,,,,,0.000000000,1703862881.563633442,-0.062511358,2.989327589,0.073964752,0.994881153,0.058832180,0.122902101,0.035769936,2.658930540,0.702349603,0.816456318
1706626597.750503,,,,,,,,,,0.000000000,1703862881.573957920,-0.063199310,2.990196197,0.073508479,0.994900227,0.058884911,0.123030388,0.036091220,2.658902645,0.702363133,0.816435754
1706626597.760134,,,,,,,,,,0.000000000,1703862881.583936453,-0.062465550,2.989726673,0.073774666,0.994907975,0.058646746,0.122511414,0.035721004,2.658907890,0.702372909,0.816454828
1706626597.770082,,,,,,,,,,0.000000000,1703862881.593670845,-0.062123905,2.988622356,0.074335851,0.994873285,0.058611833,0.122454063,0.035581354,2.658898115,0.702364624,0.816472471
1706626597.783498,1900.000000000,1703862880.913513184,0.000000000,0.000000000,0.000000000,0.000000000,3.059386730,0.704560399,0.815499961,,,,,,,,,,,,
1706626597.788322,,,,,,,,,,0.000000000,1703862881.603972197,-0.063162963,2.990127677,0.073542319,0.994895935,0.058923800,0.123108217,0.036078025,2.658890724,0.702366531,0.816437483
1706626597.791058,,,,,,,,,,0.000000000,1703862881.613743305,-0.062367978,2.988578224,0.074351378,0.994870603,0.058565184,0.122381034,0.035701308,2.658889294,0.702342510,0.816473961
1706626597.800961,,,,,,,,,,0.000000000,1703862881.623660088,-0.062103995,2.988741230,0.074276961,0.994877338,0.058625598,0.122475919,0.035568781,2.658895254,0.702347696,0.816459715
1706626597.803738,,,,,,,,,,0.000000000,1703862881.623827696,-0.061234877,2.988876475,0.074257270,0.994927049,0.058093570,0.121333456,0.035090193,2.658870220,0.702372372,0.816482604
1706626597.811953,,,,,,,,,,0.000000000,1703862881.633843660,-0.061550517,2.988504103,0.074431919,0.994907916,0.058093853,0.121371963,0.035259411,2.658864021,0.702383399,0.816474140
1706626597.823739,,,,,,,,,,0.000000000,1703862881.643656492,-0.061365970,2.987429643,0.074979708,0.994882584,0.057869926,0.120945299,0.035182849,2.658864021,0.702371061,0.816483080
1706626597.826714,,,,,,,,,,0.000000000,1703862881.643847942,-0.060502056,2.988030377,0.074715748,0.994929194,0.057689380,0.120493082,0.034718934,2.658846617,0.702407002,0.816500008
1706626597.831417,,,,,,,,,,0.000000000,1703862881.653642893,-0.061093611,2.987934535,0.074727319,0.994888902,0.058166523,0.121502208,0.035053603,2.658864498,0.702377200,0.816491961
1706626597.833986,,,,,,,,,,0.000000000,1703862881.653754473,-0.061010574,2.988337077,0.074543297,0.994927466,0.057789497,0.120723606,0.034971580,2.658860445,0.702399611,0.816499054
1706626597.840209,,,,,,,,,,0.000000000,1703862881.663676739,-0.060592503,2.987551612,0.074954763,0.994916260,0.057572745,0.120282467,0.034769833,2.658838511,0.702395201,0.816525936
1706626597.850965,,,,,,,,,,0.000000000,1703862881.673917055,-0.061489070,2.988151819,0.074616231,0.994907379,0.057888556,0.120966909,0.035223976,2.658856869,0.702401578,0.816483021
1706626597.857387,1901.000000000,1703862880.913551569,0.000000000,0.000000000,0.000000000,0.000000000,3.059386730,0.704560399,0.815499961,,,,,,,,,,,,
1706626597.863284,,,,,,,,,,0.000000000,1703862881.683654785,-0.061630249,2.987330644,0.075020581,0.994875312,0.057860728,0.120951219,0.035317361,2.658852577,0.702405512,0.816499770
1706626597.867890,,,,,,,,,,0.000000000,1703862881.683736801,-0.061410691,2.987678920,0.074863039,0.994905651,0.057625618,0.120448896,0.035179295,2.658838511,0.702423632,0.816509724
1706626597.870273,,,,,,,,,,0.000000000,1703862881.693698883,-0.061063572,2.987552904,0.074926019,0.994888067,0.057936098,0.121050071,0.035032824,2.658872843,0.702380896,0.816510022
1706626597.880613,,,,,,,,,,0.000000000,1703862881.704045773,-0.061794951,2.988765493,0.074287295,0.994903088,0.058283534,0.121763171,0.035387911,2.658887386,0.702383101,0.816482782
1706626597.890140,,,,,,,,,,0.000000000,1703862881.713762999,-0.062970180,2.988669525,0.074277431,0.994850576,0.058804631,0.122906414,0.036017615,2.658918142,0.702363908,0.816457808
1706626597.903069,,,,,,,,,,0.000000000,1703862881.723813534,-0.063125905,2.989652768,0.073786706,0.994890273,0.058724459,0.122721823,0.036059331,2.658917665,0.702367485,0.816422641
1706626597.908125,,,,,,,,,,0.000000000,1703862881.724031687,-0.061956746,2.989357933,0.073976688,0.994905114,0.058590606,0.122372033,0.035473630,2.658876419,0.702371657,0.816432536
1706626597.913366,,,,,,,,,,0.000000000,1703862881.734027147,-0.062887168,2.989799746,0.073722176,0.994900584,0.058708705,0.122666205,0.035934243,2.658899069,0.702361882,0.816414297
1706626597.918545,,,,,,,,,,0.000000000,1703862881.734242201,-0.063088812,2.989918522,0.073650397,0.994892001,0.058876809,0.123015556,0.036043901,2.658889532,0.702379048,0.816411614
1706626597.923804,,,,,,,,,,0.000000000,1703862881.743756294,-0.063037676,2.989122173,0.074050277,0.994866669,0.058805812,0.122897695,0.036037546,2.658907652,0.702343345,0.816437662
1706626597.932932,,,,,,,,,,0.000000000,1703862881.753677130,-0.062643870,2.989186221,0.074039608,0.994888484,0.058581594,0.122413808,0.035821915,2.658878088,0.702367127,0.816441357
1706626597.938644,,,,,,,,,,0.000000000,1703862881.753862619,-0.063630109,2.990078063,0.073541299,0.994870305,0.059201397,0.123704425,0.036333725,2.658936262,0.702333510,0.816408098
1706626597.946106,1902.000000000,1703862881.603972197,0.000000000,0.000000000,0.000000000,0.000000000,3.059386730,0.704560399,0.815499961,,,,,,,,,,,,
1706626597.951261,,,,,,,,,,0.000000000,1703862881.763920546,-0.063606394,2.990415752,0.073376492,0.994886935,0.059142251,0.123571355,0.036307052,2.658937216,0.702373087,0.816422343
1706626597.956478,,,,,,,,,,0.000000000,1703862881.773829937,-0.062162797,2.989420101,-0.073950380,-0.994923115,-0.058272339,0.121746113,-0.035551142,2.658875704,0.702392817,0.816455960
1706626597.962907,,,,,,,,,,0.000000000,1703862881.783823729,-0.062812063,2.988986410,-0.074128710,-0.994870782,-0.058709107,0.122690517,-0.035921667,2.658914804,0.702366292,0.816445708
1706626597.972830,,,,,,,,,,0.000000000,1703862881.793693542,-0.062485909,2.989662292,-0.073814668,-0.994919479,-0.058404785,0.122028914,-0.035715211,2.658899307,0.702390134,0.816447198
1706626597.983270,,,,,,,,,,0.000000000,1703862881.803740978,-0.062388301,2.989791327,-0.073753141,-0.994924843,-0.058422532,0.122052350,-0.035663765,2.658886909,0.702400208,0.816457093
1706626597.988418,,,,,,,,,,0.000000000,1703862881.803871870,-0.208550365,-0.072633037,-0.990863323,0.043767534,0.101035193,-0.149281678,0.077886298,2.654944420,0.701808512,0.849855006
1706626597.993476,,,,,,,,,,0.000000000,1703862881.813692331,-0.062319712,2.988283575,0.074499182,0.994859755,0.058569841,0.122397177,0.035686534,2.658884048,0.702383637,0.816456616
1706626598.003365,,,,,,,,,,0.000000000,1703862881.824188948,-0.062241959,2.988264401,0.074514285,0.994865179,0.058486011,0.122223215,0.035641950,2.658879280,0.702381611,0.816450059
1706626598.012893,,,,,,,,,,0.000000000,1703862881.833729982,-0.062568793,2.989700435,0.073782027,0.994901717,0.058709659,0.122646873,0.035778116,2.658857107,0.702397943,0.816422939
1706626598.018049,,,,,,,,,,0.000000000,1703862881.833982706,-0.062518573,2.989116395,0.074086815,0.994901538,0.058348760,0.121938444,0.035744045,2.658871412,0.702397645,0.816460013
1706626598.023279,,,,,,,,,,0.000000000,1703862881.843866587,-0.062800778,2.989437491,0.073908500,0.994893849,0.058611803,0.122477745,0.035894949,2.658881903,0.702374399,0.816435218
1706626598.030914,1903.000000000,1703862881.613670349,0.000000000,0.000000000,0.000000000,0.000000000,3.059386730,0.704560399,0.815499961,,,,,,,,,,,,
1706626598.039330,,,,,,,,,,0.000000000,1703862881.854119539,-0.062640293,2.989958881,0.073650315,0.994908869,0.058735948,0.122695994,0.035807896,2.658903360,0.702378213,0.816419005
1706626598.042107,,,,,,,,,,0.000000000,1703862881.863944292,-0.062262946,2.988711805,0.074294969,0.994888008,0.058384318,0.122004398,0.035631176,2.658865690,0.702391863,0.816453159
1706626598.050292,,,,,,,,,,0.000000000,1703862881.873691797,-0.062859883,2.990089661,0.073573597,0.994903088,0.058859784,0.122957314,0.035922874,2.658918142,0.702378988,0.816426337
1706626598.052987,,,,,,,,,,0.000000000,1703862881.874070883,-0.061648367,2.988972015,0.074190632,0.994915128,0.058252051,0.121681049,0.035305951,2.658889294,0.702380180,0.816469491
1706626598.060300,,,,,,,,,,0.000000000,1703862881.883642435,-0.062581450,2.990697521,0.073278658,0.994926691,0.058920365,0.123035582,0.035769377,2.658901691,0.702403247,0.816423357
1706626598.076023,,,,,,,,,,0.000000000,1703862881.893997669,-0.061514856,2.989108877,0.074129440,0.994926333,0.058183569,0.121528089,0.035229895,2.658869267,0.702389777,0.816449344
1706626598.082980,,,,,,,,,,0.000000000,1703862881.894145489,-0.061620584,2.989319683,0.074023232,0.994936049,0.058127265,0.121415704,0.035272185,2.658847094,0.702423692,0.816435516
1706626598.090274,,,,,,,,,,0.000000000,1703862881.903691530,-0.575340147,0.571693547,-0.044562668,-0.306123704,-0.231282637,2.871566380,-0.922394097,2.676369905,0.707790315,0.834155977
1706626598.096499,,,,,,,,,,0.000000000,1703862881.913737774,-0.063239065,2.990162275,-0.073536187,-0.994918168,-0.058549400,0.122360250,-0.036087353,2.658876896,0.702386260,0.816418290
1706626598.102376,,,,,,,,,,0.000000000,1703862881.923593283,-0.062884945,2.989460392,-0.073890194,-0.994886637,-0.058726482,0.122714032,-0.035944864,2.658889055,0.702364564,0.816432714
1706626598.105779,,,,,,,,,,0.000000000,1703862881.923811197,-0.010444026,3.044698119,-0.047937039,-0.996326089,-0.070441931,0.141674844,-0.008630404,2.658488989,0.703588605,0.814339817
1706626598.112974,,,,,,,,,,0.000000000,1703862881.933616877,-0.063180820,2.988651825,-0.074276887,-0.994842768,-0.058868978,0.123052965,-0.036128324,2.658912420,0.702343881,0.816438079
1706626598.118136,,,,,,,,,,0.000000000,1703862881.933709145,-0.063952618,2.990098013,-0.073528655,-0.994878948,-0.058981869,0.123287494,-0.036478184,2.658936501,0.702368021,0.816414833
1706626598.123514,,,,,,,,,,0.000000000,1703862881.943645239,-0.062981010,2.989197797,-0.074021265,-0.994881392,-0.058621537,0.122520062,-0.035993170,2.658887386,0.702376604,0.816432834
1706626598.132619,,,,,,,,,,0.000000000,1703862881.953598022,-0.062332179,2.988863707,-0.074218951,-0.994895458,-0.058335796,0.121906859,-0.035657547,2.658881187,0.702368259,0.816444457
1706626598.137471,,,,,,,,,,0.000000000,1703862881.953687429,-0.062522424,2.989567597,-0.073848628,-0.994895875,-0.058735542,0.122700062,-0.035760920,2.658891439,0.702380121,0.816426814
1706626598.143220,,,,,,,,,,0.000000000,1703862881.963756323,-0.062439099,2.989524389,-0.073869579,-0.994890094,-0.058826670,0.122878305,-0.035727333,2.658905745,0.702374160,0.816435575
1706626598.153115,,,,,,,,,,0.000000000,1703862881.973677397,-0.062178454,2.988787953,-0.074255630,-0.994885147,-0.058504265,0.122236172,-0.035595540,2.658887863,0.702377379,0.816451430
1706626598.158589,,,,,,,,,,0.000000000,1703862881.974134207,-0.061637584,2.989723528,-0.073810481,-0.994932055,-0.058452841,0.122057177,-0.035292577,2.658843517,0.702396631,0.816419661
1706626598.163660,,,,,,,,,,0.000000000,1703862881.983822346,-0.062623386,2.990981713,-0.073137850,-0.994939744,-0.058871150,0.122929670,-0.035777990,2.658905983,0.702389657,0.816392362
1706626598.173172,,,,,,,,,,0.000000000,1703862881.993705273,-0.062587499,2.990419517,-0.073423959,-0.994928241,-0.058714960,0.122633142,-0.035765801,2.658887386,0.702392459,0.816402853
1706626598.180427,,,,,,,,,,0.000000000,1703862882.003668785,-0.061749675,2.988511318,-0.074406967,-0.994880736,-0.058511287,0.122226499,-0.035390042,2.658876419,0.702361524,0.816430330
1706626598.183083,,,,,,,,,,0.000000000,1703862882.003936529,-0.063708409,2.989867979,-0.073655121,-0.994880617,-0.058870804,0.123053621,-0.036354911,2.658901215,0.702365160,0.816429973
1706626598.190438,,,,,,,,,,0.000000000,1703862882.013796568,-0.062836039,2.988596203,-0.074318476,-0.994850099,-0.058799967,0.122889158,-0.035952423,2.658877850,0.702374399,0.816440225
1706626598.200782,,,,,,,,,,0.000000000,1703862882.023748875,-0.215260572,-0.072185794,-0.990631998,0.043617379,0.104447208,-0.146131957,0.076397300,2.654864311,0.701757789,0.849620104
1706626598.203800,,,,,,,,,,0.000000000,1703862882.023954153,-0.221806557,-0.071639465,-0.990369320,0.043444086,0.107763126,-0.143768908,0.075288840,2.654788971,0.701681316,0.849422872
1706626598.209384,1904.000000000,1703862881.613743305,0.000000000,0.000000000,0.000000000,0.000000000,3.059386730,0.704560399,0.815499961,,,,,,,,,,,,
1706626598.212391,,,,,,,,,,0.000000000,1703862882.033628225,-0.210047482,-0.072981070,-0.990788162,0.043976374,0.101770759,-0.148962897,0.077767216,2.654911041,0.701795220,0.849789441
1706626598.220063,,,,,,,,,,0.000000000,1703862882.043659925,-0.062446892,2.989619953,0.073833965,0.994913578,0.058489185,0.122197045,0.035703253,2.658887863,0.702379525,0.816429615
1706626598.230479,,,,,,,,,,0.000000000,1703862882.053739548,-0.062489394,2.989726094,0.073772170,0.994904280,0.058702212,0.122624798,0.035737060,2.658895016,0.702397764,0.816436529
1706626598.233013,,,,,,,,,,0.000000000,1703862882.053817749,-0.063229518,2.990120307,0.073549196,0.994903505,0.058774326,0.122813178,0.036100492,2.658901215,0.702384591,0.816415191
1706626598.240393,,,,,,,,,,0.000000000,1703862882.063652992,-0.010773008,3.045860321,0.047348637,0.996371448,0.070183262,0.141161465,0.008741200,2.658510923,0.703569353,0.814289749
1706626598.242937,,,,,,,,,,0.000000000,1703862882.063697577,-0.063008881,2.990782538,0.073218547,0.994917274,0.059022222,0.123270384,0.035988040,2.658899784,0.702383637,0.816384852
1706626598.250547,,,,,,,,,,0.000000000,1703862882.073665380,-0.062908844,2.990396505,0.073413834,0.994904518,0.059017263,0.123266618,0.035949543,2.658885241,0.702390969,0.816382706
1706626598.253489,,,,,,,,,,0.000000000,1703862882.073775053,-0.063249837,2.991162346,0.073016047,0.994918287,0.059181713,0.123595885,0.036108546,2.658905268,0.702373505,0.816377759
1706626598.260338,,,,,,,,,,0.000000000,1703862882.083714724,-0.063427703,2.990665227,0.073270410,0.994918525,0.058815368,0.122891283,0.036185898,2.658917189,0.702382922,0.816407979
1706626598.262762,,,,,,,,,,0.000000000,1703862882.083861589,-0.063776992,2.990751936,0.073195279,0.994883001,0.059374716,0.124039641,0.036399085,2.658929586,0.702374935,0.816397369
1706626598.270499,1905.000000000,1703862881.623575211,0.000000000,0.000000000,0.000000000,0.000000000,3.059386730,0.704560399,0.815499961,,,,,,,,,,,,
1706626598.272927,,,,,,,,,,0.000000000,1703862882.093731880,-0.063839781,2.990832760,0.073158711,0.994894326,0.059219405,0.123729330,0.036416560,2.658891201,0.702361465,0.816399097
1706626598.282616,,,,,,,,,,0.000000000,1703862882.103694677,-0.063764277,2.989543086,0.073814288,0.994866848,0.058881093,0.123090538,0.036393620,2.658906460,0.702345610,0.816439450
1706626598.285494,,,,,,,,,,0.000000000,1703862882.103744984,-0.063858906,2.990388845,0.073388360,0.994893074,0.058952715,0.123210952,0.036420193,2.658886433,0.702368855,0.816414893
1706626598.291110,,,,,,,,,,0.000000000,1703862882.113618135,-0.063237345,2.990015314,0.073591948,0.994884431,0.059026208,0.123323955,0.036126263,2.658900023,0.702365756,0.816412985
1706626598.301405,,,,,,,,,,0.000000000,1703862882.123594999,-0.062924746,2.990193043,0.073512644,0.994893730,0.059065454,0.123372081,0.035967331,2.658892632,0.702376544,0.816404700
1706626598.304420,,,,,,,,,,0.000000000,1703862882.123865366,-0.063159578,2.991248564,0.072981462,0.994931579,0.059037305,0.123295489,0.036050148,2.658909321,0.702383637,0.816390216
1706626598.310575,,,,,,,,,,0.000000000,1703862882.133675098,-0.062612454,2.990652823,0.073300444,0.994925618,0.058903690,0.123006061,0.035785034,2.658890724,0.702392340,0.816393912
1706626598.313599,,,,,,,,,,0.000000000,1703862882.133835077,-0.061796017,2.990312264,0.073504828,0.994938791,0.058675800,0.122496786,0.035370320,2.658871174,0.702426255,0.816416144
1706626598.319990,,,,,,,,,,0.000000000,1703862882.143672228,-0.062650858,2.989947660,0.073649295,0.994898021,0.058909409,0.123045920,0.035826366,2.658913374,0.702372968,0.816431284
1706626598.330307,,,,,,,,,,0.000000000,1703862882.153618574,-0.062378610,2.990542547,0.073370792,0.994937956,0.058686119,0.122554524,0.035655424,2.658891678,0.702407002,0.816407144
1706626598.333272,,,,,,,,,,0.000000000,1703862882.153888941,-0.062691311,2.990596173,0.073323727,0.994918585,0.058966037,0.123139542,0.035830814,2.658911228,0.702378452,0.816394866
1706626598.339914,1906.000000000,1703862881.623660088,0.000000000,0.000000000,0.000000000,0.000000000,3.059386730,0.704560399,0.815499961,,,,,,,,,,,,
1706626598.342506,,,,,,,,,,0.000000000,1703862882.163793087,-0.062604168,2.990090855,0.073580772,0.994905889,0.058879700,0.122977412,0.035796408,2.658888102,0.702406943,0.816423476
1706626598.351395,,,,,,,,,,0.000000000,1703862882.173963070,-0.062495356,2.988982666,0.074149922,0.994890094,0.058462739,0.122170560,0.035745006,2.658873796,0.702389181,0.816459358
1706626598.360506,,,,,,,,,,0.000000000,1703862882.183597088,-0.063092282,2.990173622,0.073526569,0.994906485,0.058793321,0.122838761,0.036031615,2.658897638,0.702384651,0.816418946
1706626598.363586,,,,,,,,,,0.000000000,1703862882.183649778,-0.063238455,2.990714248,0.073250592,0.994920492,0.058863476,0.122971539,0.036093280,2.658897161,0.702396989,0.816416621
1706626598.371243,,,,,,,,,,0.000000000,1703862882.193526506,-0.062875007,2.989998791,0.073615946,0.994895637,0.058923237,0.123089331,0.035937928,2.658871174,0.702389181,0.816422522
1706626598.396430,1907.000000000,1703862881.623827696,0.000000000,0.000000000,0.000000000,0.000000000,3.059386730,0.704560399,0.815499961,,,,,,,,,,,,
1706626598.476412,1908.000000000,1703862881.633766651,0.000000000,0.000000000,0.000000000,0.000000000,3.059386730,0.704560399,0.815499961,,,,,,,,,,,,
1706626598.543656,1909.000000000,1703862881.633843660,0.000000000,0.000000000,0.000000000,0.000000000,3.059386730,0.704560399,0.815499961,,,,,,,,,,,,
1706626598.612563,1910.000000000,1703862881.643656492,0.000000000,0.000000000,0.000000000,0.000000000,3.059386730,0.704560399,0.815499961,,,,,,,,,,,,
1706626598.639982,,,,,,,,,,0.000000000,1703862882.463570595,-0.010826527,3.045744528,0.047403835,0.996363878,0.070249274,0.141297573,0.008775150,2.658484697,0.703617990,0.814311743
1706626598.650519,,,,,,,,,,0.000000000,1703862882.473604918,0.915422475,-2.122918470,-0.578652501,0.356238097,-0.730015635,-1.696669257,0.073027670,2.678918123,0.683856905,0.868061841
1706626598.653525,,,,,,,,,,0.000000000,1703862882.473775864,0.914490014,-2.123351255,-0.578357875,0.356536627,-0.730079591,-1.696939120,0.073264539,2.678932190,0.683844388,0.868057489
1706626598.661052,,,,,,,,,,0.000000000,1703862882.483662128,0.914591682,-2.124842447,-0.578061402,0.356406003,-0.730393827,-1.698396416,0.073106855,2.678913355,0.683841646,0.868011951
1706626598.670435,,,,,,,,,,0.000000000,1703862882.493614674,-0.578054820,0.569900135,-0.044216052,-0.307254374,-0.230249375,2.872019089,-0.922293365,2.676305294,0.707856953,0.834134877
1706626598.680832,,,,,,,,,,0.000000000,1703862882.503588200,-0.063062584,2.990889931,-0.073165841,-0.994924486,-0.058954984,0.123135493,-0.036006644,2.658919573,0.702397287,0.816418469
1706626598.683898,,,,,,,,,,0.000000000,1703862882.503876209,-0.063899324,2.989952452,-0.073611543,-0.994888484,-0.058741607,0.122805682,-0.036438242,2.658909559,0.702390075,0.816431284
1706626598.689030,1911.000000000,1703862881.643847942,0.000000000,0.000000000,0.000000000,0.000000000,3.059386730,0.704560399,0.815499961,,,,,,,,,,,,
1706626598.691867,,,,,,,,,,0.000000000,1703862882.513669252,-0.011392192,3.045550480,-0.047477134,-0.996332645,-0.070603386,0.142037506,-0.009081325,2.658525467,0.703618526,0.814323187
1706626598.701341,,,,,,,,,,0.000000000,1703862882.523847103,-0.010927936,3.046132258,-0.047207803,-0.996378660,-0.070167512,0.141134923,-0.008808211,2.658499956,0.703633308,0.814331234
1706626598.711490,,,,,,,,,,0.000000000,1703862882.534224272,-0.063764941,2.990891275,-0.073134564,-0.994901657,-0.059153199,0.123588300,-0.036372453,2.658901930,0.702415228,0.816412985
1706626598.720165,,,,,,,,,,0.000000000,1703862882.543632746,-0.062425782,2.990701549,-0.073289648,-0.994942248,-0.058702458,0.122585327,-0.035675347,2.658876896,0.702436030,0.816436648
1706626598.722975,,,,,,,,,,0.000000000,1703862882.543693781,-0.062974357,2.990338360,-0.073448315,-0.994914055,-0.058802322,0.122841722,-0.035968237,2.658879519,0.702404678,0.816430271
1706626598.731397,,,,,,,,,,0.000000000,1703862882.553632736,-0.062355003,2.989456744,-0.073918797,-0.994909883,-0.058469009,0.122155178,-0.035660777,2.658874512,0.702419400,0.816435099
1706626598.733860,,,,,,,,,,0.000000000,1703862882.554075003,-0.010264033,3.044732885,-0.047926158,-0.996327519,-0.070440426,0.141662729,-0.008539227,2.658496618,0.703595877,0.814335704
1706626598.741729,,,,,,,,,,0.000000000,1703862882.563552618,-0.010130128,3.043439535,-0.048577636,-0.996316552,-0.070152417,0.141089069,-0.008504141,2.658488750,0.703612864,0.814370871
1706626598.745965,,,,,,,,,,0.000000000,1703862882.563746929,-0.010692278,3.045124290,-0.047715936,-0.996336043,-0.070436448,0.141672238,-0.008738997,2.658496380,0.703632653,0.814352691
1706626598.755828,1912.000000000,1703862882.463570595,0.000000000,0.000000000,0.000000000,0.000000000,3.059386730,0.704560399,0.815499961,,,,,,,,,,,,
1706626598.758461,,,,,,,,,,0.000000000,1703862882.573959589,-0.011262873,3.045601674,-0.047456942,-0.996339560,-0.070527926,0.141879306,-0.009011343,2.658514261,0.703608274,0.814326406
1706626598.761276,,,,,,,,,,0.000000000,1703862882.583744049,-0.010291903,3.045894929,-0.047350809,-0.996392608,-0.069912754,0.140594958,-0.008486902,2.658473492,0.703618646,0.814330459
1706626598.770136,,,,,,,,,,0.000000000,1703862882.593597412,-0.062974749,2.990840355,-0.073198184,-0.994931877,-0.058822431,0.122864022,-0.035954490,2.658914566,0.702399909,0.816421330
1706626598.772546,,,,,,,,,,0.000000000,1703862882.593738317,-0.010719511,3.045637133,-0.047459692,-0.996349931,-0.070415065,0.141626127,-0.008733409,2.658504248,0.703585446,0.814319134
1706626598.780301,,,,,,,,,,0.000000000,1703862882.603655338,-0.062787316,2.990475419,-0.073380120,-0.994911790,-0.058977179,0.123173752,-0.035883371,2.658915997,0.702389836,0.816417277
1706626598.783090,,,,,,,,,,0.000000000,1703862882.603743315,-0.062665629,2.989744781,-0.073760964,-0.994908690,-0.058593579,0.122419487,-0.035816584,2.658874273,0.702421248,0.816441536
1706626598.790636,,,,,,,,,,0.000000000,1703862882.613757849,-0.010743409,3.045305180,-0.047627456,-0.996367991,-0.070043288,0.140883938,-0.008739326,2.658486605,0.703631759,0.814324021
1706626598.801708,,,,,,,,,,0.000000000,1703862882.623584747,-0.010597619,3.046570398,-0.047001570,-0.996392310,-0.070134163,0.141048289,-0.008626247,2.658488512,0.703622401,0.814311624
1706626598.810181,,,,,,,,,,0.000000000,1703862882.633538723,-0.063356780,2.990866468,-0.073171042,-0.994924366,-0.058863368,0.122974964,-0.036147770,2.658876181,0.702430904,0.816396654
1706626598.818694,1913.000000000,1703862882.473604918,0.000000000,0.000000000,0.000000000,0.000000000,3.059386730,0.704560399,0.815499961,,,,,,,,,,,,
1706626598.821497,,,,,,,,,,0.000000000,1703862882.643498898,-0.063352171,2.990665455,-0.073269427,-0.994914174,-0.058908202,0.123072041,-0.036154948,2.658891201,0.702404678,0.816413522
1706626598.829726,,,,,,,,,,0.000000000,1703862882.653487206,-0.063597907,2.991522609,-0.072832361,-0.994937539,-0.058992144,0.123228595,-0.036257610,2.658890963,0.702412546,0.816379786
1706626598.832110,,,,,,,,,,0.000000000,1703862882.653580666,-0.063282887,2.990843424,-0.073188737,-0.994930804,-0.058758777,0.122759834,-0.036103826,2.658891916,0.702430904,0.816429496
1706626598.839981,,,,,,,,,,0.000000000,1703862882.663473129,-0.010675633,3.045134398,-0.047714528,-0.996360779,-0.070090108,0.140976118,-0.008713743,2.658483028,0.703615725,0.814333320
1706626598.842443,,,,,,,,,,0.000000000,1703862882.663537979,-0.010054637,3.044624023,-0.047990482,-0.996347308,-0.070129864,0.141030019,-0.008423570,2.658503771,0.703620672,0.814348876
1706626598.850075,,,,,,,,,,0.000000000,1703862882.673578501,-0.062590636,2.989704789,-0.073793404,-0.994924843,-0.058312908,0.121850865,-0.035759483,2.658879519,0.702419043,0.816451430
1706626598.852706,,,,,,,,,,0.000000000,1703862882.673674345,-0.062608389,2.990696297,-0.073293254,-0.994950712,-0.058506537,0.122205841,-0.035752408,2.658896208,0.702438653,0.816418886
1706626598.860488,,,,,,,,,,0.000000000,1703862882.683592796,-0.834538618,0.369088896,-0.027498603,0.406574160,0.146795481,3.037467258,0.901328146,2.674767494,0.708618641,0.838370025
1706626598.872919,,,,,,,,,,0.000000000,1703862882.693972588,-0.010660251,3.044087485,0.048234783,0.996321023,0.070295013,0.141395848,0.008752892,2.658503056,0.703602850,0.814357936
1706626598.876871,,,,,,,,,,0.000000000,1703862882.694170237,-0.061933703,2.989963645,0.073681280,0.994936347,0.058456890,0.122079853,0.035433661,2.658855438,0.702421129,0.816440403
1706626598.880057,,,,,,,,,,0.000000000,1703862882.703612328,-0.062408491,2.989389922,0.073946565,0.994900584,0.058571365,0.122367503,0.035697185,2.658896446,0.702392101,0.816460669
1706626598.882390,,,,,,,,,,0.000000000,1703862882.703711987,-0.062298085,2.990271912,0.073516302,0.994942784,0.058451835,0.122087013,0.035606135,2.658881664,0.702411532,0.816440046
1706626598.889702,,,,,,,,,,0.000000000,1703862882.713490486,-0.063017674,2.990807978,0.073218413,0.994939029,0.058668349,0.122558791,0.035965614,2.658888578,0.702418506,0.816447318
1706626598.893303,,,,,,,,,,0.000000000,1703862882.713579655,-0.063557069,2.991139304,0.073025033,0.994925320,0.058968045,0.123190953,0.036247235,2.658910990,0.702382803,0.816404819
1706626598.902581,,,,,,,,,,0.000000000,1703862882.723788738,-0.010576389,3.044330032,0.048117984,0.996335506,0.070176914,0.141152535,0.008696738,2.658474922,0.703640342,0.814347804
1706626598.907291,,,,,,,,,,0.000000000,1703862882.723967552,-0.010577360,3.045553600,0.047508642,0.996366680,0.070153736,0.141095413,0.008652929,2.658482552,0.703615785,0.814310968
1706626598.914713,1914.000000000,1703862882.473728657,0.000000000,0.000000000,0.000000000,0.000000000,3.059386730,0.704560399,0.815499961,,,,,,,,,,,,
1706626598.919920,,,,,,,,,,0.000000000,1703862882.733666182,-0.063555776,2.991079403,0.073056400,0.994925559,0.058924913,0.123106343,0.036245264,2.658907890,0.702406526,0.816406310
1706626598.925170,,,,,,,,,,0.000000000,1703862882.743957043,-0.011030411,3.044708715,0.047909662,0.996315479,0.070571788,0.141964089,0.008929064,2.658504486,0.703641713,0.814347029
1706626598.932687,,,,,,,,,,0.000000000,1703862882.753587008,-0.063191028,2.989746921,0.073740318,0.994896948,0.058654208,0.122582269,0.036083806,2.658904076,0.702401221,0.816438675
1706626598.937665,,,,,,,,,,0.000000000,1703862882.753696918,-0.010490137,3.044225492,0.048172627,0.996329069,0.070233688,0.141263194,0.008660104,2.658513308,0.703609169,0.814348459
1706626598.942703,,,,,,,,,,0.000000000,1703862882.763768196,-0.573776021,0.570715726,0.044606604,0.305311114,0.231104016,2.872311054,0.922706008,2.676439524,0.707781851,0.834104419
1706626598.952875,,,,,,,,,,0.000000000,1703862882.773673773,-0.010691962,3.043978926,0.048288874,0.996327460,0.070164986,0.141137347,0.008766263,2.658499956,0.703615904,0.814366639
1706626598.958113,,,,,,,,,,0.000000000,1703862882.773958683,-0.011800436,3.043974866,0.048245396,0.996278465,0.070811838,0.142490478,0.009351228,2.658528328,0.703609288,0.814338267
1706626598.963302,,,,,,,,,,0.000000000,1703862882.783592463,-0.011019348,3.044854941,0.047838263,0.996327341,0.070455506,0.141728811,0.008912765,2.658499718,0.703595757,0.814305305
1706626598.971896,,,,,,,,,,0.000000000,1703862882.793572664,-0.011027746,3.045295353,0.047618479,0.996337175,0.070467405,0.141749160,0.008901919,2.658502102,0.703599930,0.814307809
1706626598.974184,,,,,,,,,,0.000000000,1703862882.793688059,-0.063413954,2.991367046,0.072918013,0.994938374,0.058930598,0.123096331,0.036165897,2.658917665,0.702389717,0.816382527
1706626598.980248,,,,,,,,,,0.000000000,1703862882.803785086,-0.011596861,3.047216579,0.046640534,0.996376932,0.070530228,0.141885278,0.009120914,2.658514023,0.703569770,0.814246118
1706626598.990286,,,,,,,,,,0.000000000,1703862882.813774347,-0.065151708,2.991346922,0.072851889,0.994880617,0.059421215,0.124217557,0.037071545,2.658930063,0.702347696,0.816373169
1706626599.002887,1915.000000000,1703862882.473775864,0.000000000,0.000000000,0.000000000,0.000000000,3.059386730,0.704560399,0.815499961,,,,,,,,,,,,
1706626599.006332,,,,,,,,,,0.000000000,1703862882.824053288,-0.063459739,2.991073411,0.073070563,0.994939864,0.058705203,0.122657471,0.036181282,2.658886909,0.702391446,0.816394806
1706626599.010457,,,,,,,,,,0.000000000,1703862882.833837271,-0.010941368,3.044333523,0.048102785,0.996330798,0.070230588,0.141278153,0.008881451,2.658498049,0.703591526,0.814327300
1706626599.020037,,,,,,,,,,0.000000000,1703862882.843521357,-0.063565660,2.989629470,0.073781751,0.994879365,0.058777757,0.122864136,0.036283955,2.658897638,0.702380180,0.816428840
1706626599.022331,,,,,,,,,,0.000000000,1703862882.843724728,-0.063704336,2.989064000,0.074060880,0.994860291,0.058700554,0.122740419,0.036364954,2.658890963,0.702377915,0.816435933
1706626599.031462,,,,,,,,,,0.000000000,1703862882.853765965,-0.010679636,3.043293714,0.048630029,0.996305823,0.070232846,0.141279006,0.008787605,2.658506632,0.703591764,0.814341128
1706626599.034400,,,,,,,,,,0.000000000,1703862882.854056120,-0.010020494,3.043711391,0.048449516,0.996351719,0.069750085,0.140273725,0.008420241,2.658468008,0.703599513,0.814333081
1706626599.042562,,,,,,,,,,0.000000000,1703862882.863645077,-0.062005856,2.988737356,0.074285179,0.994883776,0.058540337,0.122296952,0.035513446,2.658887625,0.702384293,0.816438079
1706626599.050790,,,,,,,,,,0.000000000,1703862882.873654842,-0.062050005,2.990054245,0.073629983,0.994933963,0.058525644,0.122223880,0.035494156,2.658869982,0.702395558,0.816400349
1706626599.053682,,,,,,,,,,0.000000000,1703862882.873845577,-0.063163845,2.990509620,0.073352151,0.994909704,0.058934554,0.123116059,0.036067497,2.658895254,0.702397168,0.816385388
1706626599.060461,,,,,,,,,,0.000000000,1703862882.883646727,-0.010343116,3.044691313,0.047948495,0.996362686,0.069922172,0.140626654,0.008555247,2.658506155,0.703606069,0.814321280
1706626599.063111,,,,,,,,,,0.000000000,1703862882.883840084,-0.062610974,2.990337647,0.073449776,0.994901657,0.059106469,0.123424924,0.035808962,2.658924103,0.702382863,0.816392124
1706626599.070479,,,,,,,,,,0.000000000,1703862882.893757343,-0.062429018,2.989897003,0.073688656,0.994910717,0.058719039,0.122647781,0.035702866,2.658919334,0.702393949,0.816404998
1706626599.074859,1916.000000000,1703862882.483582497,0.000000000,0.000000000,0.000000000,0.000000000,3.059386730,0.704560399,0.815499961,,,,,,,,,,,,
1706626599.077163,,,,,,,,,,0.000000000,1703862882.894045591,-0.062292514,2.989517544,0.073888250,0.994909227,0.058536127,0.122283042,0.035632648,2.658887625,0.702399015,0.816413879
1706626599.080257,,,,,,,,,,0.000000000,1703862882.903649569,-0.009949540,3.041461857,0.049572937,0.996299088,0.069707513,0.140203784,0.008461610,2.658469439,0.703607738,0.814407825
1706626599.090179,,,,,,,,,,0.000000000,1703862882.913870573,-0.061855050,2.988785492,0.074281961,0.994913697,0.058098614,0.121395447,0.035403557,2.658864498,0.702394307,0.816444337
1706626599.101388,,,,,,,,,,0.000000000,1703862882.923819780,-0.009991447,3.042862576,0.048872512,0.996323824,0.069851197,0.140482433,0.008440473,2.658490896,0.703618646,0.814378798
1706626599.104551,,,,,,,,,,0.000000000,1703862882.923936844,-0.010043120,3.042751021,0.048927482,0.996331036,0.069705993,0.140194482,0.008463065,2.658485651,0.703599811,0.814360619
1706626599.112393,,,,,,,,,,0.000000000,1703862882.933846474,-0.010267997,3.043183797,0.048700940,0.996316552,0.070057653,0.140907866,0.008577377,2.658486605,0.703602493,0.814352989
1706626599.119967,,,,,,,,,,0.000000000,1703862882.943746328,-0.062167379,2.988573731,0.074367531,0.994885445,0.058361292,0.121955561,0.035585862,2.658843040,0.702397525,0.816448331
1706626599.131509,,,,,,,,,,0.000000000,1703862882.953769684,-0.063058228,2.990034611,0.073591381,0.994892955,0.058941819,0.123139665,0.036029838,2.658910751,0.702377319,0.816398144
1706626599.134336,,,,,,,,,,0.000000000,1703862882.953931570,-0.062993876,2.989861530,0.073688768,0.994902611,0.058686007,0.122626659,0.035984039,2.658880234,0.702392280,0.816406190
1706626599.140306,,,,,,,,,,0.000000000,1703862882.963601589,-0.062632593,2.989467501,0.073905081,0.994907320,0.058447227,0.122132682,0.035797682,2.658876181,0.702388048,0.816409469
1706626599.151248,,,,,,,,,,0.000000000,1703862882.973663330,-0.010362299,3.043699288,0.048441369,0.996333480,0.069993198,0.140778707,0.008603167,2.658472300,0.703583360,0.814319432
1706626599.154130,,,,,,,,,,0.000000000,1703862882.973717690,-0.010516883,3.043790960,0.048387740,0.996315300,0.070278287,0.141357812,0.008690977,2.658496141,0.703596234,0.814329743
1706626599.161975,,,,,,,,,,0.000000000,1703862882.983611584,-0.062770691,2.989841831,0.073712967,0.994916797,0.058491208,0.122218388,0.035858579,2.658895731,0.702405989,0.816420197
1706626599.165558,,,,,,,,,,0.000000000,1703862882.983739138,-0.062983422,2.990341797,0.073445059,0.994912028,0.058836892,0.122911794,0.035975218,2.658911705,0.702401996,0.816404819
1706626599.170322,1917.000000000,1703862882.483662128,0.000000000,0.000000000,0.000000000,0.000000000,3.059386730,0.704560399,0.815499961,,,,,,,,,,,,
1706626599.172864,,,,,,,,,,0.000000000,1703862882.993797302,-0.062379920,2.987986273,0.074648559,0.994853437,0.058467548,0.122206947,0.035718080,2.658888578,0.702368557,0.816438138
1706626599.180876,,,,,,,,,,0.000000000,1703862883.003825665,-0.010356367,3.043426843,0.048575722,0.996314049,0.070175067,0.141145842,0.008618664,2.658485889,0.703599036,0.814349115
1706626599.183524,,,,,,,,,,0.000000000,1703862883.003896952,-0.009567557,3.043489771,0.048578471,0.996369123,0.069438957,0.139628676,0.008186669,2.658454657,0.703598142,0.814354539
1706626599.190383,,,,,,,,,,0.000000000,1703862883.013718843,-0.062976039,2.989166393,0.074037746,0.994881451,0.058601812,0.122481154,0.035990179,2.658906937,0.702383637,0.816424131
1706626599.200018,,,,,,,,,,0.000000000,1703862883.023619652,-0.063410209,2.989145298,0.074035078,0.994875789,0.058567896,0.122447738,0.036205467,2.658895493,0.702382743,0.816425860
1706626599.202892,,,,,,,,,,0.000000000,1703862883.023884773,-0.062905609,2.988596583,0.074315101,0.994847655,0.058824319,0.122943559,0.035989031,2.658905029,0.702370346,0.816417933
1706626599.210831,,,,,,,,,,0.000000000,1703862883.033859491,-0.063015560,2.989263927,0.073981158,0.994873405,0.058790311,0.122859660,0.036020976,2.658916235,0.702383518,0.816416085
1706626599.220167,,,,,,,,,,0.000000000,1703862883.043729067,-0.009979602,3.044290634,0.048162095,0.996363342,0.069788262,0.140343458,0.008381348,2.658483267,0.703573287,0.814315140
1706626599.230025,,,,,,,,,,0.000000000,1703862883.053628922,-0.062768288,2.989627523,0.073809415,0.994892180,0.058771331,0.122789045,0.035884712,2.658912420,0.702383876,0.816424370
1706626599.236320,1918.000000000,1703862882.493614674,0.000000000,0.000000000,0.000000000,0.000000000,3.059386730,0.704560399,0.815499961,,,,,,,,,,,,
1706626599.240220,,,,,,,,,,0.000000000,1703862883.063713789,-0.063726727,2.989644963,0.073757358,0.994859099,0.059088252,0.123500329,0.036387064,2.658922911,0.702368796,0.816397607
1706626599.250896,,,,,,,,,,0.000000000,1703862883.073517323,-0.010642514,3.043400651,0.048578400,0.996311128,0.070197165,0.141204591,0.008763551,2.658490419,0.703593016,0.814332724
1706626599.253936,,,,,,,,,,0.000000000,1703862883.073549032,-0.010540728,3.043330551,0.048620716,0.996340036,0.069764920,0.140332485,0.008694108,2.658494711,0.703602374,0.814353347
1706626599.261372,,,,,,,,,,0.000000000,1703862883.083466291,-0.010602290,3.044957990,0.047804635,0.996353686,0.070132926,0.141060038,0.008685394,2.658501625,0.703581512,0.814304650
1706626599.270505,,,,,,,,,,0.000000000,1703862883.093428612,-0.011044745,3.042984359,0.048768088,0.996273458,0.070569351,0.141975408,0.008997322,2.658510208,0.703575313,0.814340651
1706626599.273177,,,,,,,,,,0.000000000,1703862883.093457460,-0.010931168,3.042608876,0.048962101,0.996287465,0.070243627,0.141319252,0.008937933,2.658490181,0.703603268,0.814356327
1706626599.279983,,,,,,,,,,0.000000000,1703862883.103492975,-0.062763173,2.988117785,0.074573368,0.994857073,0.058389798,0.122076120,0.035899941,2.658925056,0.702368677,0.816462696
1706626599.289941,,,,,,,,,,0.000000000,1703862883.113506079,-0.010221570,3.042575769,0.049005989,0.996306002,0.069996119,0.140787259,0.008572593,2.658491135,0.703592777,0.814345598
1706626599.300402,,,,,,,,,,0.000000000,1703862883.123609304,-0.010211988,3.043958436,0.048319593,0.996356547,0.069761515,0.140303995,0.008507752,2.658481598,0.703592062,0.814324319
1706626599.302901,,,,,,,,,,0.000000000,1703862883.123709679,-0.063039517,2.988710553,0.074267149,0.994871259,0.058462296,0.122222163,0.036025483,2.658868551,0.702385128,0.816416025
1706626599.311069,,,,,,,,,,0.000000000,1703862883.133540392,-0.010533550,3.042317684,0.049120981,0.996278703,0.070280150,0.141375283,0.008751474,2.658483267,0.703614593,0.814366162
1706626599.313707,,,,,,,,,,0.000000000,1703862883.133618355,-0.010039934,3.043095788,0.048753820,0.996322811,0.069946311,0.140673792,0.008461147,2.658489227,0.703583360,0.814338446
1706626599.320570,,,,,,,,,,0.000000000,1703862883.143559933,-0.062903485,2.988282026,0.074479111,0.994848132,0.058612008,0.122527954,0.035981748,2.658889294,0.702358544,0.816421688
1706626599.323060,,,,,,,,,,0.000000000,1703862883.143604040,-0.062833344,2.988115553,0.074572489,0.994856417,0.058380678,0.122063398,0.035934426,2.658886194,0.702374816,0.816438556
1706626599.327351,1919.000000000,1703862882.503588200,0.000000000,0.000000000,0.000000000,0.000000000,3.059386730,0.704560399,0.815499961,,,,,,,,,,,,
1706626599.329830,,,,,,,,,,0.000000000,1703862883.153515339,-0.010276201,3.044569664,0.048011646,0.996361434,0.069901221,0.140582362,0.008525102,2.658497095,0.703589797,0.814325571
1706626599.340044,,,,,,,,,,0.000000000,1703862883.163493395,-0.063700416,2.989288874,0.073943533,0.994859517,0.058858149,0.123048720,0.036367800,2.658925772,0.702368021,0.816411614
1706626599.351887,,,,,,,,,,0.000000000,1703862883.173633814,-0.063427313,2.990166557,0.073536478,0.994929314,0.058311615,0.121896743,0.036163803,2.658893108,0.702403545,0.816423535
1706626599.355868,,,,,,,,,,0.000000000,1703862883.173750877,-0.010514970,3.044452410,0.048060779,0.996351302,0.069995515,0.140784344,0.008652999,2.658487320,0.703572929,0.814302504
1706626599.360321,,,,,,,,,,0.000000000,1703862883.183557987,-0.010422308,3.044645733,0.047967300,0.996352494,0.070049331,0.140886157,0.008602515,2.658487797,0.703555286,0.814300656
1706626599.369871,,,,,,,,,,0.000000000,1703862883.193503857,-0.063232414,2.989874521,0.073661514,0.994878352,0.059041277,0.123358968,0.036129259,2.658910275,0.702351987,0.816389441
1706626599.380869,,,,,,,,,,0.000000000,1703862883.203879595,-0.062626994,2.988783813,0.074227892,0.994853497,0.058920138,0.123107548,0.035851061,2.658915281,0.702365518,0.816425145
1706626599.383112,,,,,,,,,,0.000000000,1703862883.203935862,-0.063021444,2.988583046,0.074320905,0.994850099,0.058743488,0.122790652,0.036041349,2.658904552,0.702355325,0.816422105
1706626599.389908,,,,,,,,,,0.000000000,1703862883.213617325,-0.010154093,3.042096331,0.049246158,0.996285737,0.070116796,0.141030262,0.008561743,2.658486128,0.703634620,0.814377964
1706626599.393835,,,,,,,,,,0.000000000,1703862883.213683367,-0.062259435,2.988266076,0.074519746,0.994876266,0.058294319,0.121839165,0.035636283,2.658874750,0.702397645,0.816429973
1706626599.402347,1920.000000000,1703862882.503711462,0.000000000,0.000000000,0.000000000,0.000000000,3.059386730,0.704560399,0.815499961,,,,,,,,,,,,
1706626599.407437,,,,,,,,,,0.000000000,1703862883.223753214,-0.062312344,2.989179741,0.074055307,0.994895875,0.058539249,0.122302971,0.035653133,2.658888578,0.702412009,0.816429853
1706626599.411446,,,,,,,,,,0.000000000,1703862883.233823776,-0.011044831,3.042403361,0.049055602,0.996244371,0.070776016,0.142395554,0.009028170,2.658525229,0.703585744,0.814365208
1706626599.420610,,,,,,,,,,0.000000000,1703862883.243662357,-0.186817780,-0.052387886,-0.993615448,0.031233657,0.091642588,-0.111541429,0.057918884,2.655272007,0.701541960,0.846206069
1706626599.431934,,,,,,,,,,0.000000000,1703862883.253636837,-0.205229313,-0.073039280,-0.990959287,0.043941371,0.099333443,-0.151081606,0.078751318,2.654957533,0.701893628,0.849974811
1706626599.434422,,,,,,,,,,0.000000000,1703862883.253831387,-0.188090292,-0.049504489,-0.993628144,0.029788354,0.092373401,-0.110532309,0.057297699,2.655243635,0.701590121,0.846244931
1706626599.440227,,,,,,,,,,0.000000000,1703862883.263620138,-0.061589452,2.988170389,-0.074601464,-0.994902849,-0.057952300,0.121102293,-0.035278410,2.658847332,0.702419221,0.816427112
1706626599.450104,,,,,,,,,,0.000000000,1703862883.273555279,-0.204790534,-0.072528252,-0.990977883,0.043692149,0.099127382,-0.151477631,0.078915969,2.654977083,0.701882303,0.849976897
1706626599.452591,,,,,,,,,,0.000000000,1703862883.273666143,-0.187374623,-0.050510493,0.993628740,-0.030298555,-0.091979295,-0.111167957,-0.057652827,2.655269623,0.701584756,0.846239626
1706626599.457835,1921.000000000,1703862882.503876209,0.000000000,0.000000000,0.000000000,0.000000000,3.059386730,0.704560399,0.815499961,,,,,,,,,,,,
1706626599.462119,,,,,,,,,,0.000000000,1703862883.283702374,-0.213022005,-0.072247996,-0.990722358,0.043612346,0.103318021,-0.146926293,0.076762676,2.654886484,0.701772392,0.849651873
1706626599.470347,,,,,,,,,,0.000000000,1703862883.293590546,-0.062357645,2.988788777,-0.074258968,-0.994898200,-0.058234703,0.121708309,-0.035665028,2.658886671,0.702392161,0.816437721
1706626599.480283,,,,,,,,,,0.000000000,1703862883.303801775,-0.062949058,2.988740761,-0.074257687,-0.994877994,-0.058391672,0.122071991,-0.035974041,2.658878565,0.702391922,0.816437125
1706626599.482655,,,,,,,,,,0.000000000,1703862883.303859472,-0.011312174,3.042843270,-0.048830703,-0.996283948,-0.070361041,0.141571826,-0.009125657,2.658517361,0.703575492,0.814335704
1706626599.490113,,,,,,,,,,0.000000000,1703862883.313513994,-0.010723380,3.043935628,-0.048308354,-0.996318519,-0.070274763,0.141359648,-0.008788802,2.658482313,0.703579426,0.814313710
1706626599.493248,,,,,,,,,,0.000000000,1703862883.313567162,-0.062979158,2.987662893,-0.074794963,-0.994840741,-0.058313977,0.121957172,-0.036016177,2.658873320,0.702379286,0.816452682
1706626599.502942,,,,,,,,,,0.000000000,1703862883.323794127,-0.063315474,2.988941978,-0.074132718,-0.994858980,-0.058746722,0.122807207,-0.036177635,2.658899307,0.702361763,0.816411614
1706626599.511901,,,,,,,,,,0.000000000,1703862883.333971024,-0.011284232,3.043184221,-0.048659779,-0.996276200,-0.070589490,0.142025934,-0.009110792,2.658515930,0.703574061,0.814320087
1706626599.514654,,,,,,,,,,0.000000000,1703862883.334147692,-0.010660791,3.043138868,-0.048710220,-0.996321142,-0.069961667,0.140735071,-0.008770408,2.658499956,0.703585446,0.814326763
1706626599.522935,,,,,,,,,,0.000000000,1703862883.343642712,-0.063412721,2.989634767,-0.073772363,-0.994862676,-0.059102740,0.123505325,-0.036231395,2.658915520,0.702367127,0.816378117
1706626599.531363,,,,,,,,,,0.000000000,1703862883.353626728,-0.010552159,3.043499685,-0.048532240,-0.996313393,-0.070201635,0.141208238,-0.008715154,2.658477783,0.703604937,0.814335167
1706626599.535571,,,,,,,,,,0.000000000,1703862883.353893518,-0.062865320,2.989693261,-0.073785380,-0.994912446,-0.058443259,0.122134744,-0.035906896,2.658892870,0.702401340,0.816414714
1706626599.544406,1922.000000000,1703862883.203737974,0.000000000,0.000000000,0.000000000,0.000000000,3.059386730,0.704560399,0.815499961,,,,,,,,,,,,
1706626599.549605,,,,,,,,,,0.000000000,1703862883.363911152,-0.011432952,3.042931844,-0.048779279,-0.996262848,-0.070685886,0.142229140,-0.009198736,2.658514977,0.703603745,0.814342082
1706626599.554734,,,,,,,,,,0.000000000,1703862883.373768806,-0.010297968,3.043456749,-0.048564173,-0.996325314,-0.070027277,0.140846026,-0.008581243,2.658473253,0.703579783,0.814313710
1706626599.562783,,,,,,,,,,0.000000000,1703862883.383760691,-0.062862322,2.988831753,-0.074199185,-0.994856477,-0.058838971,0.122961108,-0.035961241,2.658909082,0.702369034,0.816415071
1706626599.573004,,,,,,,,,,0.000000000,1703862883.393755913,-0.010485892,3.043729135,-0.048423339,-0.996343791,-0.069853298,0.140503708,-0.008657033,2.658484459,0.703573704,0.814314067
1706626599.582809,,,,,,,,,,0.000000000,1703862883.403676748,-0.010741870,3.043738577,-0.048405103,-0.996307671,-0.070359088,0.141531578,-0.008809097,2.658513784,0.703583717,0.814310133
1706626599.588042,,,,,,,,,,0.000000000,1703862883.403807640,-0.063338002,2.988583011,-0.074319571,-0.994859934,-0.058491632,0.122309217,-0.036180876,2.658891916,0.702372491,0.816416681
1706626599.593047,,,,,,,,,,0.000000000,1703862883.413870573,-0.010081972,3.043456650,-0.048573114,-0.996336043,-0.069883011,0.140545742,-0.008466357,2.658477783,0.703591466,0.814344764
1706626599.600955,1923.000000000,1703862883.203879595,0.000000000,0.000000000,0.000000000,0.000000000,3.059386730,0.704560399,0.815499961,,,,,,,,,,,,
1706626599.606158,,,,,,,,,,0.000000000,1703862883.423748016,-0.062915281,2.989112847,-0.074061103,-0.994871736,-0.058747031,0.122770275,-0.035972238,2.658911943,0.702361703,0.816429257
1706626599.612673,,,,,,,,,,0.000000000,1703862883.433865786,-0.062998680,2.988425672,-0.074407227,-0.994856417,-0.058539376,0.122384231,-0.036019530,2.658908844,0.702346385,0.816426754
1706626599.621269,,,,,,,,,,0.000000000,1703862883.443725109,-0.187692385,-0.051175714,-0.993621647,0.030608466,0.092127658,-0.110538703,0.057374015,2.655244827,0.701567650,0.846208990
1706626599.632926,,,,,,,,,,0.000000000,1703862883.453732729,-0.574378720,0.570501241,0.044054225,0.305454373,0.231107473,2.873380857,0.922684312,2.676412344,0.707790732,0.834112465
1706626599.638141,,,,,,,,,,0.000000000,1703862883.454072714,-0.010457877,3.043041265,0.048766572,0.996323645,0.069899924,0.140601900,0.008669496,2.658486128,0.703635156,0.814365327
1706626599.643355,,,,,,,,,,0.000000000,1703862883.463823795,-0.063409856,2.989763772,0.073723227,0.994891822,0.058694743,0.122680203,0.036195748,2.658929348,0.702383101,0.816407502
1706626599.652764,,,,,,,,,,0.000000000,1703862883.473682165,-0.062578955,2.988557330,0.074358620,0.994872808,0.058458503,0.122183897,0.035799507,2.658888578,0.702386975,0.816428721
